
Case 0,[0-3-2-1-0-1-2-0],3,-1,0,0
Case 1,[0-4-2-2-0-1-0-0],3,-1,0,0
Case 2,[0-5-1-2-0-1-0-0],3,-1,0,0
Case 3,[0-5-2-1-0-1-0-0],3,-1,0,0
Case 4,[0-3-0-2-0-3-1-0],3,-1,0,0
Case 5,[0-5-1-1-0-1-1-0],3,-1,0,0
Case 6,[0-3-2-1-0-1-2-0],3,-1,0,0
Case 7,[0-3-2-1-0-1-2-0],3,-1,0,0
Case 8,[0-4-0-1-0-2-1-1],7,-1,0,0
Case 9,[0-4-0-1-0-2-0-2],3,-1,0,0
Case 10,[0-3-2-0-0-2-2-0],3,-1,0,0
Case 11,[0-3-2-0-0-2-1-1],7,-1,0,0
Case 12,[0-3-2-1-0-1-2-0],7,-1,0,0
Case 13,[0-3-2-1-0-1-2-0],3,-1,0,0
Case 14,[0-4-1-0-0-2-0-2],3,-1,0,0
Case 15,[0-4-0-3-0-1-0-1],3,-1,0,0
Case 16,[0-4-1-2-0-1-0-1],3,-1,0,0
Case 17,[0-4-1-1-0-1-0-2],7,-1,0,0
Case 18,[0-4-1-1-0-1-1-1],7,-1,0,0
Case 19,[0-3-1-1-0-2-0-2],3,-1,0,0
Case 20,[0-3-2-1-0-1-2-0],3,-1,0,0
Case 21,[0-5-1-1-0-1-1-0],3,-1,0,0
Case 22,[0-3-2-1-0-1-2-0],7,-1,0,0
Case 23,[0-3-2-1-0-1-2-0],7,-1,0,0
Case 24,[0-4-1-0-0-2-0-2],3,-1,0,0
Case 25,[0-4-1-0-0-3-0-1],3,-1,0,0
Case 26,[0-2-3-1-0-2-1-0],3,-1,1,1
Case 27,[1-4-1-0-0-1-0-2],3,-1,1,1
Case 28,[1-5-0-0-0-1-1-1],7,-1,1,1
Case 29,[0-3-2-1-0-1-2-0],3,-1,1,1
Case 30,[0-6-0-1-0-1-1-0],3,-1,1,1
Case 31,[0-6-0-0-0-3-0-0],3,-1,1,1
Case 32,[0-2-3-1-0-2-1-0],3,-1,2,2
Case 33,[1-3-1-0-0-3-0-1],3,-1,2,2