Case 1,Sevilla,Getafe,0,0,0,1,17,0,0,0,0,0.0,0.0,4,1,1
Case 2,Athletic,Osasuna,0,0,0,11,10,0,0,0,0,0.0,0.0,0,0,X
Case 3,Deportivo,Almería,0,0,0,19,2,0,0,0,0,0.0,0.0,0,3,2
Case 4,Racing,Barcelona,0,0,0,13,12,0,0,0,0,0.0,0.0,0,0,X
Case 5,Mallorca,Levante,0,0,0,4,18,0,0,0,0,0.0,0.0,3,0,1
Case 6,R. Madrid,At. Madrid,0,0,0,5,15,0,0,0,0,0.0,0.0,2,1,1
Case 7,Espanyol,Valladolid,0,0,0,16,7,0,0,0,0,0.0,0.0,0,1,2
Case 8,Recreativo,Betis,0,0,0,9,8,0,0,0,0,0.0,0.0,1,1,X
Case 9,Valencia,Villarreal,0,0,0,20,3,0,0,0,0,0.0,0.0,0,3,2
Case 10,Murcia,Zaragoza,0,0,0,6,14,0,0,0,0,0.0,0.0,2,1,1
Case 11,Zaragoza,Racing,0,1,-1,14,13,1,2,0,0,0.0,0.0,1,1,X
Case 12,Betis,Espanyol,1,0,1,8,16,1,1,0,1,0.0,0.0,2,2,X
Case 13,Villarreal,R. Madrid,3,3,0,3,5,3,0,2,1,0.0,1.0,0,5,2
Case 14,Getafe,Recreativo,0,1,-1,17,9,1,4,1,1,0.0,0.0,1,1,X
Case 15,Barcelona,Athletic,1,1,0,12,11,0,0,0,0,0.0,0.0,3,1,1
Case 16,Levante,Murcia,0,3,-3,18,6,0,3,2,1,0.0,0.0,0,0,X
Case 17,At. Madrid,Mallorca,0,3,-3,15,4,1,2,3,0,0.0,0.0,1,1,X
Case 18,Osasuna,Sevilla,1,3,-2,10,1,0,0,4,1,0.0,0.0,1,1,X
Case 19,Valladolid,Deportivo,3,0,3,7,19,1,0,0,3,0.0,1.0,2,2,X
Case 20,Almería,Valencia,3,0,3,2,20,3,0,0,3,0.0,1.0,1,2,2
Case 21,Sevilla,Recreativo,16,15,1,6,11,25,21,10,19,0.5714286,0.14285715,4,1,1
Case 22,Athletic,Zaragoza,17,18,-1,17,14,15,16,21,22,0.14285715,0.42857143,1,1,X
Case 23,Deportivo,Betis,13,11,2,18,10,13,21,13,22,0.14285715,0.2857143,1,0,1
Case 24,Racing,Levante,23,7,16,12,20,12,12,11,29,0.5714286,0.2857143,1,0,1
Case 25,Mallorca,Villarreal,20,28,-8,2,8,24,21,26,21,0.42857143,0.2857143,0,1,2
Case 26,R. Madrid,Almería,32,16,16,1,7,33,14,12,15,1.0,0.42857143,3,1,1
Case 27,Espanyol,Getafe,26,18,8,16,19,20,15,16,17,0.5714286,0.42857143,1,0,1
Case 28,Osasuna,Barcelona,16,28,-12,13,3,17,18,27,11,0.2857143,0.2857143,0,0,X
Case 29,Valencia,Valladolid,24,16,8,9,4,20,23,21,26,0.42857143,0.71428573,2,1,1
Case 30,Murcia,At. Madrid,15,27,-12,5,15,10,15,29,17,0.2857143,0.14285715,1,1,X
Case 31,Zaragoza,Osasuna,2,2,0,15,13,3,4,0,0,0.0,0.0,2,1,1
Case 32,Betis,Valencia,2,6,-4,14,4,3,4,4,5,0.0,0.0,1,2,2
Case 33,Villarreal,Murcia,6,5,1,3,6,4,5,3,2,0.0,1.0,2,0,1
Case 34,Getafe,Deportivo,1,4,-3,19,11,2,6,3,5,0.0,0.0,0,0,X
Case 35,Barcelona,Sevilla,5,6,-1,5,2,3,1,8,2,1.0,0.0,2,1,1
Case 36,At. Madrid,Racing,2,5,-3,16,7,3,4,2,1,0.0,0.0,4,0,1
Case 37,Levante,Athletic,1,2,-1,20,17,0,4,2,4,0.0,0.0,1,2,2
Case 38,Recreativo,Espanyol,2,4,-2,18,10,3,6,3,3,0.0,0.0,2,1,1
Case 39,Valladolid,R. Madrid,4,9,-5,9,1,4,4,10,2,0.0,0.5,1,1,X
Case 40,Almería,Mallorca,3,4,-1,12,8,5,5,4,2,0.0,0.5,1,1,X
Case 41,Sevilla,Espanyol,6,4,2,5,16,9,4,4,5,1.0,0.0,2,3,2
Case 42,Athletic,At. Madrid,5,5,0,10,6,4,5,7,4,0.0,0.5,0,2,2
Case 43,Deportivo,Recreativo,5,5,0,13,12,3,5,5,7,0.5,0.0,0,2,2
Case 44,Racing,Villarreal,5,9,-4,14,2,2,5,6,5,0.5,0.0,0,2,2
Case 45,Barcelona,Zaragoza,8,5,3,4,9,5,2,5,5,1.0,0.0,4,1,1
Case 46,Mallorca,Valladolid,5,5,0,7,8,5,3,5,5,0.5,0.0,4,2,1
Case 47,R. Madrid,Betis,10,2,8,1,18,11,3,4,6,1.0,0.5,2,0,1
Case 48,Osasuna,Levante,2,1,1,17,20,1,2,1,6,0.0,0.0,4,1,1
Case 49,Valencia,Getafe,9,2,7,3,19,6,6,2,6,0.5,1.0,2,1,1
Case 50,Murcia,Almería,5,4,1,11,15,3,4,6,6,0.5,0.0,0,1,2
Case 51,Zaragoza,Sevilla,5,6,-1,14,10,6,9,11,7,0.5,0.0,2,0,1
Case 52,Betis,Mallorca,2,8,-6,18,6,4,8,9,5,0.0,0.0,3,0,1
Case 53,Villarreal,Athletic,12,5,7,2,15,8,5,4,7,0.5,1.0,1,0,1
Case 54,Getafe,R. Madrid,2,13,-11,19,1,3,8,13,3,0.0,0.0,0,1,2
Case 55,Levante,Barcelona,1,11,-10,20,4,2,10,9,3,0.0,0.0,1,4,2
Case 56,At. Madrid,Osasuna,8,5,3,5,11,9,4,5,3,0.5,0.33333334,2,0,1
Case 57,Espanyol,Deportivo,7,5,2,9,16,7,7,3,7,0.5,0.33333334,1,0,1
Case 58,Recreativo,Valencia,8,12,-4,7,3,7,7,8,7,0.5,0.33333334,0,1,2
Case 59,Valladolid,Murcia,5,5,0,12,13,7,9,3,5,0.0,0.33333334,1,4,2
Case 60,Almería,Racing,7,5,2,8,17,7,6,2,7,0.0,0.6666667,0,1,2
Case 61,Sevilla,Deportivo,6,5,1,13,18,11,9,3,8,0.6666667,0.0,0,1,2
Case 62,Athletic,Almería,5,7,-2,16,12,4,8,7,7,0.0,0.33333334,1,1,X
Case 63,Zaragoza,Levante,8,1,7,9,20,8,9,3,14,0.6666667,0.0,3,0,1
Case 64,Racing,Valladolid,8,5,3,11,17,3,7,8,13,0.33333334,0.33333334,2,0,1
Case 65,Barcelona,At. Madrid,14,11,3,4,5,13,4,11,4,1.0,0.33333334,3,0,1
Case 66,Mallorca,Getafe,8,2,6,7,19,9,8,3,9,0.6666667,0.0,4,2,1
Case 67,R. Madrid,Recreativo,16,8,8,1,10,14,3,7,8,1.0,0.6666667,2,0,1
Case 68,Osasuna,Villarreal,5,15,-10,14,2,5,5,9,5,0.5,0.0,3,2,1
Case 69,Valencia,Espanyol,15,10,5,3,6,9,7,8,7,0.6666667,1.0,1,2,2
Case 70,Murcia,Betis,8,5,3,8,15,7,6,7,8,0.33333334,0.33333334,0,0,X
Case 71,Betis,Racing,6,11,-5,16,9,7,8,5,7,0.33333334,0.0,1,1,X
Case 72,Deportivo,Valencia,8,15,-7,14,4,4,8,10,9,0.33333334,0.25,2,4,2
Case 73,Villarreal,Barcelona,15,17,-2,3,2,11,8,16,4,0.6666667,0.75,3,1,1
Case 74,Getafe,Murcia,2,9,-7,19,10,5,13,7,6,0.0,0.0,2,0,1
Case 75,Espanyol,R. Madrid,13,19,-6,5,1,10,8,16,3,0.6666667,0.5,2,1,1
Case 76,Levante,Sevilla,1,6,-5,20,15,3,17,11,10,0.0,0.0,0,2,2
Case 77,At. Madrid,Zaragoza,11,11,0,6,8,11,7,11,9,0.6666667,0.25,4,0,1
Case 78,Recreativo,Mallorca,8,11,-3,13,7,7,10,13,10,0.33333334,0.25,0,2,2
Case 79,Valladolid,Athletic,5,6,-1,18,17,8,15,5,9,0.0,0.25,1,2,2
Case 80,Almería,Osasuna,8,8,0,12,11,8,8,8,7,0.0,0.5,2,0,1
Case 81,Sevilla,Valencia,9,18,-9,11,3,13,10,14,11,0.5,0.33333334,3,0,1
Case 82,Athletic,Betis,9,7,2,13,17,7,10,8,9,0.0,0.5,0,0,X
Case 83,Zaragoza,Villarreal,11,18,-7,10,2,11,13,14,9,0.75,0.0,4,1,1
Case 84,Racing,Getafe,12,5,7,8,18,6,8,7,13,0.5,0.25,2,0,1
Case 85,Mallorca,Espanyol,14,16,-2,7,5,15,10,12,9,0.75,0.25,2,2,X
Case 86,Barcelona,Almería,17,11,6,4,9,17,7,10,8,1.0,0.25,2,0,1
Case 87,Levante,At. Madrid,1,14,-13,20,6,3,19,15,7,0.0,0.0,0,1,2
Case 88,R. Madrid,Deportivo,19,8,11,1,16,17,5,6,12,1.0,0.5,3,1,1
Case 89,Osasuna,Valladolid,8,5,3,14,19,8,9,9,17,0.6666667,0.0,2,2,X
Case 90,Murcia,Recreativo,9,8,1,12,15,7,8,7,12,0.25,0.25,1,0,1
Case 91,Betis,Osasuna,8,9,-1,15,14,8,9,10,11,0.25,0.0,0,3,2
Case 92,Deportivo,Mallorca,8,15,-7,17,7,7,15,17,12,0.25,0.2,1,1,X
Case 93,Villarreal,Levante,18,1,17,3,20,15,13,3,20,0.75,0.6,3,0,1
Case 94,Getafe,Athletic,5,10,-5,19,13,7,15,7,10,0.25,0.0,2,0,1
Case 95,At. Madrid,Sevilla,17,12,5,5,10,16,7,16,10,0.75,0.4,4,3,1
Case 96,Espanyol,Murcia,17,12,5,6,11,14,11,8,8,0.75,0.4,0,0,X
Case 97,Recreativo,Racing,8,15,-7,16,8,7,13,8,8,0.25,0.2,0,0,X
Case 98,Valencia,R. Madrid,18,22,-4,4,1,14,14,20,6,0.5,0.8,1,5,2
Case 99,Valladolid,Barcelona,6,20,-14,18,2,11,19,19,7,0.0,0.2,1,1,X
Case 100,Almería,Zaragoza,11,14,-3,12,9,10,10,15,14,0.25,0.4,0,1,2
Case 101,Sevilla,R. Madrid,12,25,-13,11,1,19,14,25,7,0.6,0.25,2,0,1
Case 102,Athletic,Recreativo,10,9,1,14,15,7,12,7,13,0.0,0.4,2,0,1
Case 103,Zaragoza,Valladolid,17,7,10,7,19,16,14,12,20,0.8,0.2,2,3,2
Case 104,Racing,Espanyol,16,18,-2,9,5,8,8,14,11,0.6,0.2,1,1,X
Case 105,Mallorca,Valencia,16,18,-2,8,6,18,13,15,19,0.6,0.2,0,2,2
Case 106,Barcelona,Betis,21,8,13,2,17,20,8,8,12,1.0,0.2,3,0,1
Case 107,At. Madrid,Villarreal,20,21,-1,4,3,20,10,18,13,0.8,0.4,3,4,2
Case 108,Levante,Almería,1,11,-10,20,13,3,23,10,11,0.0,0.0,3,0,1
Case 109,Osasuna,Getafe,12,8,4,12,18,13,11,9,15,0.5,0.2,0,2,2
Case 110,Murcia,Deportivo,13,9,4,10,16,8,8,8,16,0.4,0.2,0,2,2
Case 111,Betis,Zaragoza,8,17,-9,19,7,8,15,18,17,0.2,0.0,2,1,1
Case 112,Deportivo,Racing,12,17,-5,14,8,10,16,9,9,0.2,0.33333334,0,1,2
Case 113,Villarreal,Sevilla,24,15,9,3,10,22,16,21,14,0.8,0.6666667,3,2,1
Case 114,Getafe,Barcelona,11,24,-13,15,2,11,15,23,8,0.4,0.16666667,2,0,1
Case 115,Espanyol,Athletic,19,13,6,6,12,15,12,9,12,0.6,0.33333334,2,1,1
Case 116,R. Madrid,Mallorca,25,16,9,1,9,25,9,18,15,1.0,0.5,4,3,1
Case 117,Recreativo,Osasuna,9,12,-3,18,13,7,15,13,13,0.2,0.16666667,1,0,1
Case 118,Valencia,Murcia,21,13,8,4,11,17,19,8,10,0.4,0.8333333,3,0,1
Case 119,Valladolid,Levante,10,4,6,17,20,15,22,6,23,0.0,0.33333334,1,0,1
Case 120,Almería,At. Madrid,11,20,-9,16,5,10,14,23,14,0.2,0.33333334,0,0,X
Case 121,Sevilla,Mallorca,15,16,-1,10,9,23,17,21,19,0.6666667,0.2,1,2,2
Case 122,Athletic,Deportivo,13,12,1,12,17,10,14,10,17,0.16666667,0.33333334,2,2,X
Case 123,Zaragoza,Getafe,17,14,3,8,11,19,19,13,15,0.6666667,0.16666667,1,1,X
Case 124,Villarreal,Almería,27,12,15,2,16,25,18,10,14,0.8333333,0.6666667,1,1,X
Case 125,Racing,Valencia,20,24,-4,7,4,10,9,20,19,0.5,0.33333334,1,0,1
Case 126,Barcelona,Recreativo,24,12,12,3,18,23,10,8,15,1.0,0.16666667,3,0,1
Case 127,At. Madrid,Valladolid,21,13,8,6,14,23,14,16,22,0.6666667,0.33333334,4,3,1
Case 128,Levante,Betis,4,11,-7,20,19,6,24,10,16,0.16666667,0.0,4,3,1
Case 129,Osasuna,Espanyol,12,22,-10,15,5,13,14,17,13,0.4,0.16666667,1,2,2
Case 130,Murcia,R. Madrid,13,28,-15,13,1,8,13,29,12,0.33333334,0.16666667,1,1,X
Case 131,Betis,At. Madrid,11,24,-13,19,5,13,20,27,17,0.33333334,0.0,0,2,2
Case 132,Deportivo,Osasuna,13,12,1,16,17,12,19,14,16,0.16666667,0.2857143,1,2,2
Case 133,Getafe,Levante,15,7,8,11,20,14,16,10,27,0.5,0.14285715,2,1,1
Case 134,Mallorca,Murcia,19,14,5,8,13,23,20,9,14,0.5,0.2857143,1,1,X
Case 135,Espanyol,Barcelona,25,27,-2,4,3,19,14,26,10,0.6666667,0.42857143,1,1,X
Case 136,R. Madrid,Racing,29,23,6,1,7,30,13,11,9,1.0,0.42857143,3,1,1
Case 137,Recreativo,Zaragoza,12,18,-6,18,9,8,18,20,20,0.33333334,0.14285715,2,1,1
Case 138,Valencia,Athletic,24,14,10,6,12,20,20,12,16,0.5,0.71428573,0,3,2
Case 139,Valladolid,Villarreal,13,28,-15,15,2,19,26,26,19,0.16666667,0.2857143,2,0,1
Case 140,Almería,Sevilla,13,15,-2,14,10,11,15,24,19,0.16666667,0.2857143,1,0,1
Case 141,Sevilla,Murcia,15,15,0,14,16,24,20,10,15,0.5714286,0.16666667,3,1,1
Case 142,Athletic,R. Madrid,17,32,-15,11,1,15,16,33,14,0.14285715,0.42857143,0,1,2
Case 143,Zaragoza,Espanyol,18,26,-8,9,5,21,22,20,15,0.5714286,0.14285715,3,3,X
Case 144,Villarreal,Betis,28,11,17,3,19,26,21,13,22,0.71428573,0.5714286,0,1,2
Case 145,Racing,Mallorca,23,20,3,7,8,12,12,24,21,0.5714286,0.2857143,3,1,1
Case 146,Barcelona,Deportivo,28,13,15,2,18,27,11,13,21,1.0,0.14285715,2,1,1
Case 147,At. Madrid,Getafe,27,18,9,4,10,29,17,16,17,0.71428573,0.42857143,1,0,1
Case 148,Levante,Recreativo,7,15,-8,20,17,11,29,10,19,0.2857143,0.0,0,2,2
Case 149,Osasuna,Valencia,15,24,-9,15,6,16,17,20,23,0.33333334,0.2857143,0,0,X
Case 150,Almería,Valladolid,16,16,0,12,13,12,15,21,26,0.2857143,0.2857143,1,0,1
Case 151,Betis,Almería,14,19,-5,18,11,14,22,13,15,0.2857143,0.125,3,1,1
Case 152,Deportivo,Zaragoza,13,19,-6,19,10,14,23,24,25,0.14285715,0.25,1,1,X
Case 153,Getafe,Villarreal,18,28,-10,12,4,16,18,26,22,0.5714286,0.125,1,3,2
Case 154,Mallorca,Athletic,20,17,3,8,15,25,24,15,17,0.42857143,0.25,0,0,X
Case 155,Espanyol,Levante,27,7,20,5,20,23,18,11,31,0.5714286,0.375,1,0,1
Case 156,R. Madrid,Osasuna,35,17,18,1,14,34,14,17,18,1.0,0.5,2,0,1
Case 157,Recreativo,At. Madrid,18,30,-12,13,3,12,19,30,17,0.42857143,0.25,0,0,X
Case 158,Valencia,Barcelona,25,31,-6,7,2,20,23,29,12,0.42857143,0.625,0,3,2
Case 159,Valladolid,Sevilla,16,19,-3,16,9,21,27,28,22,0.2857143,0.25,0,0,X
Case 160,Murcia,Racing,15,26,-11,17,6,11,18,15,13,0.2857143,0.125,2,1,1
Case 161,Sevilla,Racing,20,26,-6,9,6,28,22,16,15,0.625,0.125,4,1,1
Case 162,Zaragoza,Valencia,20,25,-5,10,7,25,26,20,26,0.5,0.125,2,2,X
Case 163,Athletic,Murcia,18,18,0,13,15,15,17,13,19,0.125,0.375,1,1,X
Case 164,Villarreal,Recreativo,31,19,12,4,12,29,23,12,19,0.625,0.625,1,1,X
Case 165,Barcelona,R. Madrid,34,38,-4,2,1,32,12,36,14,1.0,0.25,0,1,2
Case 166,At. Madrid,Espanyol,31,30,1,3,5,30,17,24,18,0.75,0.375,1,2,2
Case 167,Levante,Deportivo,7,14,-7,20,19,11,32,15,24,0.25,0.0,0,1,2
Case 168,Osasuna,Mallorca,17,21,-4,16,8,17,20,25,24,0.25,0.25,3,1,1
Case 169,Valladolid,Betis,17,17,0,17,18,21,27,17,23,0.25,0.25,0,0,X
Case 170,Almería,Getafe,19,18,1,11,14,14,18,17,21,0.375,0.25,0,2,2
Case 171,Sevilla,Betis,23,18,5,8,18,32,23,17,23,0.6666667,0.125,3,0,1
Case 172,Deportivo,At. Madrid,17,31,-14,19,5,16,24,31,19,0.125,0.33333334,0,3,2
Case 173,Getafe,Valladolid,21,18,3,11,17,19,21,21,27,0.5,0.22222222,0,3,2
Case 174,Racing,Athletic,26,19,7,6,14,17,19,16,18,0.625,0.22222222,1,0,1
Case 175,Mallorca,Barcelona,21,34,-13,10,2,26,27,32,13,0.375,0.22222222,0,2,2
Case 176,Espanyol,Villarreal,33,32,1,3,4,26,19,30,24,0.625,0.44444445,3,0,1
Case 177,R. Madrid,Zaragoza,41,21,20,1,9,37,14,27,28,1.0,0.5555556,2,0,1
Case 178,Recreativo,Almería,20,19,1,13,15,13,20,14,20,0.375,0.22222222,1,1,X
Case 179,Valencia,Levante,26,7,19,7,20,22,28,11,33,0.375,0.5555556,0,0,X
Case 180,Murcia,Osasuna,19,20,-1,16,12,14,20,20,21,0.375,0.11111111,2,0,1
Case 181,Athletic,Sevilla,19,26,-7,17,8,16,19,35,23,0.11111111,0.33333334,2,0,1
Case 182,Zaragoza,Mallorca,21,21,0,10,11,27,30,26,29,0.44444445,0.11111111,2,2,X
Case 183,Betis,Getafe,18,21,-3,18,13,17,26,19,24,0.375,0.1,3,2,1
Case 184,Villarreal,Deportivo,32,17,15,5,19,30,27,16,27,0.5555556,0.5555556,4,3,1
Case 185,Barcelona,Murcia,37,22,15,2,9,34,13,16,20,0.8888889,0.33333334,4,0,1
Case 186,At. Madrid,Valencia,34,27,7,4,7,34,19,22,28,0.6666667,0.44444445,1,0,1
Case 187,Levante,R. Madrid,8,44,-36,20,1,11,33,39,14,0.22222222,0.0,0,2,2
Case 188,Osasuna,Racing,20,29,-9,15,6,20,23,18,19,0.33333334,0.22222222,0,2,2
Case 189,Valladolid,Recreativo,21,21,0,12,14,24,27,14,21,0.22222222,0.33333334,3,1,1
Case 190,Almería,Espanyol,20,36,-16,16,3,15,21,29,19,0.33333334,0.22222222,1,0,1
Case 191,Zaragoza,Murcia,22,22,0,12,14,29,32,16,24,0.4,0.11111111,3,1,1
Case 192,Betis,Recreativo,21,21,0,16,17,20,28,15,24,0.44444445,0.1,1,1,X
Case 193,Villarreal,Valencia,35,27,8,5,7,34,30,22,29,0.6,0.5555556,3,0,1
Case 194,Getafe,Sevilla,21,26,-5,15,8,21,27,35,25,0.44444445,0.2,3,2,1
Case 195,Barcelona,Racing,40,32,8,2,6,38,13,20,19,0.9,0.33333334,1,0,1
Case 196,At. Madrid,R. Madrid,37,47,-10,3,1,35,19,41,14,0.7,0.44444445,0,2,2
Case 197,Levante,Mallorca,8,22,-14,20,13,11,35,28,31,0.2,0.0,2,2,X
Case 198,Osasuna,Athletic,20,22,-2,18,11,20,25,18,19,0.3,0.22222222,2,0,1
Case 199,Valladolid,Espanyol,24,36,-12,9,4,27,28,29,20,0.3,0.33333334,2,1,1
Case 200,Almería,Deportivo,23,17,6,10,19,16,21,19,31,0.4,0.22222222,1,0,1
Case 201,Sevilla,Osasuna,26,23,3,9,14,37,28,22,25,0.7,0.1,2,1,1
Case 202,Athletic,Barcelona,22,43,-21,15,2,18,21,39,13,0.2,0.3,1,1,X
Case 203,Deportivo,Valladolid,17,27,-10,19,7,19,32,29,29,0.11111111,0.27272728,3,1,1
Case 204,Racing,Zaragoza,32,25,7,6,11,20,20,32,33,0.6666667,0.27272728,2,2,X
Case 205,Mallorca,At. Madrid,23,37,-14,13,4,30,33,35,21,0.33333334,0.18181819,1,0,1
Case 206,Espanyol,Betis,36,22,14,5,16,30,22,21,29,0.6666667,0.36363637,1,2,2
Case 207,R. Madrid,Villarreal,50,38,12,1,3,43,14,37,30,1.0,0.6363636,3,2,1
Case 208,Recreativo,Getafe,22,24,-2,17,12,16,25,24,29,0.33333334,0.18181819,1,3,2
Case 209,Valencia,Almería,27,26,1,8,10,22,32,17,21,0.33333334,0.45454547,0,1,2
Case 210,Murcia,Levante,22,9,13,18,20,17,27,13,37,0.44444445,0.09090909,2,3,2
Case 211,Zaragoza,Athletic,26,23,3,12,16,34,35,19,22,0.45454547,0.1,1,0,1
Case 212,Betis,Deportivo,25,20,5,14,19,23,30,22,33,0.4,0.18181819,0,1,2
Case 213,Villarreal,Mallorca,38,26,12,3,13,39,33,31,33,0.6363636,0.5,1,1,X
Case 214,Getafe,Espanyol,27,36,-9,10,5,27,30,31,24,0.5,0.27272728,0,1,2
Case 215,Barcelona,Osasuna,44,23,21,2,15,40,14,23,27,0.90909094,0.3,1,0,1
Case 216,At. Madrid,Murcia,37,22,15,4,17,35,22,19,30,0.6363636,0.4,1,1,X
Case 217,Levante,Racing,12,33,-21,20,6,16,39,22,22,0.18181819,0.1,1,1,X
Case 218,Recreativo,Sevilla,22,29,-7,18,7,17,28,39,29,0.3,0.18181819,1,2,2
Case 219,Valladolid,Valencia,27,27,0,9,11,30,32,22,33,0.36363637,0.3,0,2,2
Case 220,Almería,R. Madrid,29,53,-24,8,1,18,21,46,16,0.45454547,0.3,2,0,1
Case 221,Sevilla,Barcelona,32,47,-15,7,2,41,30,41,14,0.72727275,0.18181819,1,1,X
Case 222,Athletic,Levante,23,13,10,15,20,19,23,17,40,0.18181819,0.27272728,1,0,1
Case 223,Deportivo,Getafe,23,27,-4,17,13,23,33,27,31,0.2,0.33333334,1,1,X
Case 224,Racing,At. Madrid,34,38,-4,6,5,23,23,36,23,0.6,0.25,0,2,2
Case 225,Mallorca,Almería,27,32,-5,11,8,32,34,20,21,0.4,0.16666667,0,0,X
Case 226,Espanyol,Recreativo,39,22,17,3,19,32,24,18,30,0.6,0.41666666,1,2,2
Case 227,R. Madrid,Valladolid,53,27,26,1,12,46,18,30,34,1.0,0.5833333,7,0,1
Case 228,Osasuna,Zaragoza,23,29,-6,16,10,23,28,35,35,0.36363637,0.18181819,1,0,1
Case 229,Valencia,Betis,30,25,5,9,14,24,33,23,31,0.3,0.5,3,1,1
Case 230,Murcia,Villarreal,23,39,-16,18,4,20,31,40,34,0.4,0.083333336,0,1,2
Case 231,Zaragoza,Barcelona,29,48,-19,10,2,35,36,42,15,0.5,0.09090909,1,2,2
Case 232,Betis,R. Madrid,25,56,-31,16,1,24,34,53,18,0.36363637,0.16666667,2,1,1
Case 233,Villarreal,Racing,42,34,8,3,6,41,34,23,25,0.5833333,0.54545456,0,0,X
Case 234,Getafe,Valencia,28,33,-5,12,9,28,32,27,34,0.45454547,0.25,0,0,X
Case 235,Espanyol,Sevilla,39,33,6,5,7,33,26,42,31,0.54545456,0.41666666,2,4,2
Case 236,At. Madrid,Athletic,41,26,15,4,15,38,23,20,23,0.5833333,0.45454547,1,2,2
Case 237,Levante,Osasuna,13,26,-13,20,14,17,41,24,28,0.16666667,0.09090909,2,1,1
Case 238,Recreativo,Deportivo,25,24,1,17,18,20,31,24,34,0.27272728,0.25,3,2,1
Case 239,Valladolid,Mallorca,27,28,-1,13,11,30,41,32,34,0.33333334,0.27272728,1,1,X
Case 240,Almería,Murcia,33,23,10,8,19,20,21,20,32,0.5,0.27272728,1,0,1
Case 241,Sevilla,Zaragoza,36,29,7,6,10,46,33,36,38,0.6666667,0.25,5,0,1
Case 242,Athletic,Villarreal,29,43,-14,12,3,22,24,41,34,0.25,0.33333334,1,2,2
Case 243,Deportivo,Espanyol,24,39,-15,18,5,26,37,35,30,0.18181819,0.30769232,2,0,1
Case 244,Racing,Almería,35,36,-1,8,7,23,25,21,21,0.54545456,0.23076923,1,0,1
Case 245,Barcelona,Levante,51,16,35,2,20,44,16,19,42,0.9166667,0.33333334,5,1,1
Case 246,Mallorca,Betis,29,28,1,11,14,33,35,26,35,0.36363637,0.15384616,1,1,X
Case 247,R. Madrid,Getafe,56,29,27,1,13,54,20,28,32,1.0,0.53846157,0,1,2
Case 248,Osasuna,At. Madrid,26,41,-15,17,4,25,30,39,25,0.41666666,0.16666667,3,1,1
Case 249,Valencia,Recreativo,34,28,6,9,15,27,34,23,33,0.36363637,0.46153846,1,1,X
Case 250,Murcia,Valladolid,23,28,-5,19,16,20,33,31,42,0.36363637,0.07692308,0,1,2
Case 251,Betis,Murcia,29,23,6,16,19,27,36,20,34,0.41666666,0.15384616,4,0,1
Case 252,Deportivo,Sevilla,27,39,-12,18,5,28,37,51,33,0.25,0.30769232,2,1,1
Case 253,Villarreal,Osasuna,46,29,17,3,13,43,35,28,31,0.53846157,0.5833333,0,0,X
Case 254,Getafe,Mallorca,32,30,2,10,12,29,32,34,36,0.41666666,0.30769232,3,3,X
Case 255,At. Madrid,Barcelona,41,54,-13,4,2,40,28,49,17,0.53846157,0.41666666,4,2,1
Case 256,Espanyol,Valencia,39,35,4,6,9,35,32,28,35,0.5,0.3846154,2,0,1
Case 257,Levante,Zaragoza,16,29,-13,20,15,20,47,36,43,0.23076923,0.083333336,2,1,1
Case 258,Recreativo,R. Madrid,29,56,-27,17,1,24,34,54,21,0.33333334,0.23076923,2,3,2
Case 259,Valladolid,Racing,31,38,-7,11,7,32,42,24,25,0.30769232,0.33333334,0,1,2
Case 260,Almería,Athletic,36,29,7,8,14,21,22,23,26,0.53846157,0.25,1,1,X
Case 261,Sevilla,Levante,39,19,20,7,20,52,35,22,48,0.6923077,0.23076923,2,1,1
Case 262,Zaragoza,At. Madrid,29,44,-15,17,4,37,45,44,30,0.46153846,0.07692308,2,1,1
Case 263,Athletic,Valladolid,30,31,-1,15,13,24,27,32,43,0.23076923,0.30769232,2,0,1
Case 264,Racing,Betis,41,32,9,6,11,25,25,31,36,0.5833333,0.2857143,3,0,1
Case 265,Barcelona,Villarreal,54,47,7,2,3,51,21,43,35,0.9230769,0.30769232,1,2,2
Case 266,Mallorca,Recreativo,31,29,2,12,18,37,39,26,37,0.33333334,0.14285715,7,1,1
Case 267,R. Madrid,Espanyol,59,42,17,1,5,57,23,37,32,0.9166667,0.5714286,2,1,1
Case 268,Osasuna,Almería,30,37,-7,14,8,28,31,22,23,0.46153846,0.15384616,2,1,1
Case 269,Valencia,Deportivo,35,30,5,9,16,28,37,30,38,0.33333334,0.42857143,2,2,X
Case 270,Murcia,Getafe,23,33,-10,19,10,20,38,32,35,0.33333334,0.071428575,0,3,2
Case 271,Betis,Athletic,32,33,-1,15,13,31,39,26,27,0.46153846,0.14285715,1,2,2
Case 272,Deportivo,R. Madrid,31,62,-31,16,1,32,40,59,24,0.30769232,0.2857143,1,0,1
Case 273,Villarreal,Zaragoza,50,32,18,3,14,45,36,39,46,0.5,0.61538464,2,0,1
Case 274,Getafe,Racing,36,44,-8,10,5,35,35,28,25,0.3846154,0.35714287,2,1,1
Case 275,At. Madrid,Levante,44,19,25,4,20,45,32,23,50,0.5714286,0.3846154,3,0,1
Case 276,Espanyol,Mallorca,42,34,8,7,11,38,34,44,40,0.53846157,0.35714287,2,1,1
Case 277,Recreativo,Murcia,29,23,6,18,19,27,44,20,41,0.30769232,0.21428572,4,2,1
Case 278,Valencia,Sevilla,36,42,-6,9,6,30,39,54,36,0.30769232,0.42857143,1,2,2
Case 279,Valladolid,Osasuna,31,33,-2,17,12,32,45,30,32,0.2857143,0.30769232,0,0,X
Case 280,Almería,Barcelona,37,54,-17,8,2,23,25,52,23,0.5,0.23076923,2,2,X
Case 281,Sevilla,At. Madrid,45,47,-2,5,4,56,37,48,32,0.71428573,0.2857143,1,2,2
Case 282,Athletic,Getafe,36,39,-3,10,8,28,28,37,36,0.2857143,0.35714287,1,0,1
Case 283,Zaragoza,Almería,32,38,-6,16,9,39,48,25,27,0.5,0.071428575,1,1,X
Case 284,Racing,Recreativo,44,32,12,7,18,29,27,31,46,0.61538464,0.26666668,2,0,1
Case 285,Mallorca,Deportivo,34,34,0,12,14,45,42,33,40,0.3846154,0.13333334,1,0,1
Case 286,Barcelona,Valladolid,55,32,23,2,17,54,25,32,45,0.85714287,0.2857143,4,1,1
Case 287,Levante,Villarreal,19,53,-34,20,3,23,53,47,36,0.2857143,0.071428575,1,2,2
Case 288,R. Madrid,Valencia,62,36,26,1,11,59,25,31,41,0.9230769,0.53333336,2,3,2
Case 289,Osasuna,Betis,34,32,2,13,15,30,32,32,41,0.5,0.14285715,0,1,2
Case 290,Murcia,Espanyol,23,45,-22,19,6,22,45,40,35,0.30769232,0.06666667,4,0,1
Case 291,Betis,Barcelona,35,58,-23,13,2,33,41,58,26,0.42857143,0.2,3,2,1
Case 292,Deportivo,Murcia,34,26,8,15,19,33,41,26,45,0.35714287,0.26666668,3,1,1
Case 293,Villarreal,At. Madrid,56,50,6,3,4,49,37,50,33,0.53333336,0.64285713,3,0,1
Case 294,Getafe,Osasuna,39,34,5,9,14,37,37,30,33,0.42857143,0.33333334,0,2,2
Case 295,Espanyol,Racing,45,47,-2,7,5,40,39,31,27,0.5714286,0.33333334,0,3,2
Case 296,R. Madrid,Sevilla,62,45,17,1,6,61,28,57,39,0.85714287,0.53333336,3,1,1
Case 297,Recreativo,Athletic,32,39,-7,18,8,31,48,29,28,0.35714287,0.2,1,1,X
Case 298,Valencia,Mallorca,39,37,2,11,12,34,43,46,42,0.2857143,0.46666667,0,3,2
Case 299,Valladolid,Zaragoza,32,33,-1,17,16,33,49,40,49,0.26666668,0.2857143,2,1,1
Case 300,Almería,Levante,39,19,20,10,20,26,28,24,55,0.46666667,0.21428572,2,1,1
Case 301,Sevilla,Villarreal,45,59,-14,6,2,58,42,52,37,0.6666667,0.26666668,2,0,1
Case 302,Athletic,Espanyol,40,45,-5,10,7,30,29,40,42,0.33333334,0.33333334,1,0,1
Case 303,Zaragoza,Betis,33,38,-5,17,13,41,51,36,43,0.46666667,0.06666667,0,3,2
Case 304,Racing,Deportivo,50,37,13,5,15,34,27,36,42,0.64285713,0.3125,1,3,2
Case 305,Mallorca,R. Madrid,40,65,-25,9,1,49,42,64,29,0.42857143,0.1875,1,1,X
Case 306,Barcelona,Getafe,58,39,19,3,12,60,29,37,39,0.8666667,0.26666668,0,0,X
Case 307,At. Madrid,Almería,50,42,8,4,8,50,36,28,29,0.6,0.4,6,3,1
Case 308,Levante,Valladolid,19,35,-16,20,16,25,57,35,50,0.26666668,0.06666667,0,3,2
Case 309,Osasuna,Recreativo,37,33,4,14,18,32,33,32,49,0.46666667,0.2,0,1,2
Case 310,Murcia,Valencia,26,39,-13,19,11,27,48,34,46,0.35714287,0.0625,1,0,1
Case 311,Betis,Levante,41,19,22,10,20,39,43,25,60,0.46666667,0.25,0,1,2
Case 312,Deportivo,Athletic,40,43,-3,13,8,39,43,31,29,0.4,0.3125,3,0,1
Case 313,Getafe,Zaragoza,40,33,7,12,18,37,39,41,54,0.4,0.3125,0,0,X
Case 314,Mallorca,Sevilla,41,48,-7,11,6,50,43,60,42,0.4,0.1875,2,3,2
Case 315,Espanyol,Osasuna,45,37,8,7,16,40,43,32,34,0.53333336,0.3125,0,1,2
Case 316,R. Madrid,Murcia,66,29,37,1,19,65,30,28,48,0.8666667,0.5,1,0,1
Case 317,Recreativo,Barcelona,36,59,-23,17,3,33,49,60,29,0.33333334,0.25,2,2,X
Case 318,Valencia,Racing,39,50,-11,14,5,34,47,35,30,0.26666668,0.4375,1,2,2
Case 319,Valladolid,At. Madrid,38,53,-15,15,4,38,50,56,39,0.3125,0.33333334,1,1,X
Case 320,Almería,Villarreal,42,59,-17,9,2,31,35,52,39,0.5,0.2,1,0,1
Case 321,Sevilla,Almería,51,45,6,6,7,63,44,32,35,0.6875,0.3125,1,4,2
Case 322,Zaragoza,Recreativo,34,37,-3,18,17,41,54,35,51,0.4375,0.0625,3,0,1
Case 323,Athletic,Valencia,43,39,4,9,15,31,32,35,49,0.375,0.3125,5,1,1
Case 324,Villarreal,Valladolid,59,39,20,3,16,52,40,39,51,0.5625,0.5625,2,0,1
Case 325,Racing,R. Madrid,53,69,-16,5,1,37,31,66,30,0.6,0.3529412,0,2,2
Case 326,Barcelona,Espanyol,60,45,15,2,8,62,31,40,44,0.8125,0.25,0,0,X
Case 327,At. Madrid,Betis,54,41,13,4,13,57,40,39,44,0.625,0.375,1,3,2
Case 328,Levante,Getafe,22,41,-19,20,12,26,60,37,39,0.25,0.125,3,1,1
Case 329,Osasuna,Deportivo,40,43,-3,14,10,33,34,42,43,0.4375,0.25,0,1,2
Case 330,Murcia,Mallorca,29,41,-12,19,11,28,49,52,46,0.4,0.05882353,1,4,2
Case 331,Betis,Villarreal,44,62,-18,11,2,42,45,54,40,0.4375,0.29411766,0,1,2
Case 332,Deportivo,Barcelona,46,61,-15,8,3,43,43,62,31,0.4375,0.3529412,2,0,1
Case 333,Getafe,At. Madrid,41,54,-13,13,4,38,42,58,43,0.375,0.29411766,1,1,X
Case 334,Mallorca,Racing,44,53,-9,12,5,56,47,37,33,0.375,0.23529412,3,1,1
Case 335,Espanyol,Zaragoza,46,37,9,10,17,40,44,44,54,0.5,0.29411766,1,1,X
Case 336,R. Madrid,Athletic,72,46,26,1,9,68,30,36,33,0.875,0.5294118,3,0,1
Case 337,Recreativo,Levante,37,25,12,18,20,35,54,29,61,0.3125,0.23529412,2,0,1
Case 338,Valencia,Osasuna,39,40,-1,15,14,36,54,33,35,0.25,0.4117647,3,0,1
Case 339,Valladolid,Almería,39,48,-9,16,7,39,53,36,36,0.29411766,0.3125,1,0,1
Case 340,Murcia,Sevilla,29,51,-22,19,6,29,53,64,48,0.375,0.05882353,0,0,X
Case 341,Sevilla,Valladolid,52,42,10,6,14,64,48,40,53,0.64705884,0.29411766,2,0,1
Case 342,Zaragoza,Deportivo,38,49,-11,18,7,45,55,45,43,0.47058824,0.05882353,1,0,1
Case 343,Athletic,Mallorca,46,47,-1,11,10,36,36,59,48,0.4117647,0.29411766,1,2,2
Case 344,Villarreal,Getafe,65,42,23,2,13,55,40,39,43,0.5882353,0.5882353,2,0,1
Case 345,Racing,Murcia,53,30,23,5,19,38,36,29,53,0.5625,0.33333334,3,2,1
Case 346,Barcelona,Valencia,61,42,19,3,15,62,33,39,54,0.7647059,0.23529412,6,0,1
Case 347,At. Madrid,Recreativo,55,40,15,4,16,59,44,37,54,0.5882353,0.3529412,3,0,1
Case 348,Levante,Espanyol,25,47,-22,20,9,29,63,41,45,0.29411766,0.11764706,1,1,X
Case 349,Osasuna,R. Madrid,40,75,-35,17,1,33,38,71,30,0.4117647,0.23529412,1,2,2
Case 350,Almería,Betis,48,44,4,8,12,36,37,42,46,0.5294118,0.23529412,1,1,X
Case 351,Betis,Valladolid,45,42,3,12,14,43,47,40,55,0.4117647,0.2777778,1,1,X
Case 352,Deportivo,Levante,49,26,23,9,20,45,44,30,64,0.47058824,0.33333334,1,0,1
Case 353,Getafe,Almería,42,49,-7,13,8,39,45,37,38,0.3529412,0.2777778,4,2,1
Case 354,Racing,Sevilla,56,55,1,5,6,41,38,66,48,0.5882353,0.33333334,0,3,2
Case 355,Mallorca,Osasuna,50,40,10,7,18,61,49,34,40,0.4117647,0.2777778,2,1,1
Case 356,R. Madrid,Barcelona,78,64,14,1,3,73,31,68,33,0.88235295,0.5555556,4,1,1
Case 357,Espanyol,At. Madrid,48,58,-10,10,4,42,46,62,44,0.47058824,0.2777778,0,2,2
Case 358,Recreativo,Villarreal,40,68,-28,17,2,37,57,57,40,0.3529412,0.22222222,0,2,2
Case 359,Valencia,Zaragoza,42,41,1,15,16,39,60,46,55,0.29411766,0.3888889,1,0,1
Case 360,Murcia,Athletic,30,46,-16,19,11,31,56,37,38,0.3529412,0.055555556,1,2,2
Case 361,Athletic,Racing,49,56,-7,9,6,39,39,41,41,0.3888889,0.33333334,0,0,X
Case 362,Zaragoza,R. Madrid,41,81,-40,16,1,46,56,77,32,0.5,0.055555556,2,2,X
Case 363,Betis,Sevilla,46,58,-12,12,5,44,48,69,48,0.3888889,0.2777778,0,2,2
Case 364,Villarreal,Espanyol,71,48,23,2,11,59,40,42,48,0.6111111,0.6111111,2,0,1
Case 365,Barcelona,Mallorca,64,53,11,3,7,69,37,63,50,0.7777778,0.22222222,2,3,2
Case 366,At. Madrid,Deportivo,61,52,9,4,8,64,44,46,44,0.6111111,0.3888889,1,0,1
Case 367,Levante,Valencia,26,45,-19,20,13,30,65,40,60,0.2777778,0.11111111,1,5,2
Case 368,Osasuna,Murcia,40,30,10,18,19,35,42,32,58,0.3888889,0.22222222,2,1,1
Case 369,Valladolid,Getafe,43,45,-2,15,14,41,56,43,47,0.33333334,0.2777778,0,0,X
Case 370,Almería,Recreativo,49,40,9,10,17,39,42,37,59,0.5,0.22222222,0,2,2
Case 371,Sevilla,Athletic,61,50,11,5,9,71,48,39,39,0.6666667,0.36842105,4,1,1
Case 372,Deportivo,Villarreal,52,74,-22,8,2,46,45,61,40,0.5,0.31578946,0,2,2
Case 373,Getafe,Betis,46,46,0,13,14,43,47,44,50,0.3888889,0.2631579,1,1,X
Case 374,Racing,Osasuna,57,43,14,6,17,41,41,37,43,0.5555556,0.31578946,1,0,1
Case 375,Mallorca,Zaragoza,56,42,14,7,18,66,52,48,58,0.44444445,0.31578946,3,2,1
Case 376,Espanyol,Almería,48,49,-1,11,10,42,50,39,44,0.44444445,0.2631579,1,3,2
Case 377,R. Madrid,Levante,82,26,56,1,20,79,34,31,70,0.8888889,0.5263158,5,2,1
Case 378,Recreativo,Valladolid,43,44,-1,16,15,39,59,41,56,0.33333334,0.2631579,1,1,X
Case 379,Valencia,At. Madrid,48,64,-16,12,4,45,61,65,44,0.33333334,0.42105263,3,1,1
Case 380,Murcia,Barcelona,30,64,-34,19,3,33,60,71,40,0.33333334,0.05263158,3,5,2
Case 381,Athletic,Almería,0,0,0,18,3,0,0,0,0,0.0,0.0,1,3,2
Case 382,Betis,Recreativo,0,0,0,16,7,0,0,0,0,0.0,0.0,0,1,2
Case 383,Deportivo,R. Madrid,0,0,0,5,13,0,0,0,0,0.0,0.0,2,1,1
Case 384,Sporting,Getafe,0,0,0,14,4,0,0,0,0,0.0,0.0,1,2,2
Case 385,Racing,Sevilla,0,0,0,11,12,0,0,0,0,0.0,0.0,1,1,X
Case 386,Numancia,Barcelona,0,0,0,8,17,0,0,0,0,0.0,0.0,1,0,1
Case 387,Espanyol,Valladolid,0,0,0,6,15,0,0,0,0,0.0,0.0,1,0,1
Case 388,At. Madrid,Málaga,0,0,0,1,20,0,0,0,0,0.0,0.0,4,0,1
Case 389,Osasuna,Villarreal,0,0,0,10,9,0,0,0,0,0.0,0.0,1,1,X
Case 390,Valencia,Mallorca,0,0,0,2,19,0,0,0,0,0.0,0.0,3,0,1
Case 391,Sevilla,Sporting,1,0,1,12,14,1,1,1,2,0.0,0.0,4,3,1
Case 392,Málaga,Athletic,0,0,0,20,18,0,4,1,3,0.0,0.0,0,0,X
Case 393,Villarreal,Deportivo,1,3,-2,9,5,1,1,2,1,0.0,0.0,1,0,1
Case 394,Getafe,Betis,3,0,3,4,16,2,1,0,1,0.0,1.0,0,0,X
Case 395,Barcelona,Racing,0,1,-1,17,11,0,1,1,1,0.0,0.0,1,1,X
Case 396,Mallorca,Osasuna,0,1,-1,19,10,0,3,1,1,0.0,0.0,1,1,X
Case 397,R. Madrid,Numancia,0,3,-3,13,8,1,2,1,0,0.0,0.0,4,3,1
Case 398,Recreativo,Espanyol,3,3,0,7,6,1,0,1,0,0.0,1.0,0,1,2
Case 399,Valladolid,At. Madrid,0,3,-3,15,1,0,1,4,0,0.0,0.0,2,1,1
Case 400,Almería,Valencia,3,3,0,3,2,3,1,3,0,0.0,1.0,2,2,X
Case 401,Athletic,Valladolid,1,3,-2,17,11,1,3,2,2,0.0,0.0,2,0,1
Case 402,Betis,Sevilla,1,4,-3,16,4,0,1,5,4,0.0,0.0,0,0,X
Case 403,Deportivo,Mallorca,3,1,2,10,18,2,2,1,4,1.0,0.0,0,0,X
Case 404,Sporting,Barcelona,0,1,-1,20,15,4,6,1,2,0.0,0.0,1,6,2
Case 405,Racing,R. Madrid,2,3,-1,14,8,2,2,5,5,0.0,0.0,0,2,2
Case 406,Numancia,Villarreal,3,4,-1,9,6,4,4,2,1,1.0,0.0,1,2,2
Case 407,At. Madrid,Recreativo,3,3,0,7,12,5,2,1,1,1.0,0.0,4,0,1
Case 408,Espanyol,Getafe,6,4,2,1,5,2,0,2,1,1.0,1.0,1,1,X
Case 409,Valencia,Osasuna,4,2,2,2,13,5,2,2,2,1.0,0.0,1,0,1
Case 410,Almería,Málaga,4,1,3,3,19,5,3,0,4,0.0,1.0,1,0,1
Case 411,Sevilla,Espanyol,5,7,-2,7,4,5,4,3,1,1.0,0.0,2,0,1
Case 412,Villarreal,Racing,7,2,5,3,17,4,2,2,4,1.0,0.5,2,0,1
Case 413,Málaga,Valencia,1,7,-6,19,1,0,5,6,2,0.0,0.0,0,2,2
Case 414,Getafe,At. Madrid,5,6,-1,8,5,3,2,9,2,0.0,0.5,1,2,2
Case 415,Barcelona,Betis,4,2,2,9,16,7,3,0,1,0.0,0.5,3,2,1
Case 416,Mallorca,Numancia,2,3,-1,18,12,1,4,5,6,0.0,0.0,2,0,1
Case 417,R. Madrid,Sporting,6,0,6,6,20,7,5,5,12,1.0,0.5,7,1,1
Case 418,Osasuna,Deportivo,2,4,-2,15,11,2,3,2,2,0.0,0.0,0,0,X
Case 419,Recreativo,Athletic,3,4,-1,14,10,1,5,3,3,0.0,0.5,1,1,X
Case 420,Valladolid,Almería,3,7,-4,13,2,2,4,6,3,1.0,0.0,2,0,1
Case 421,Athletic,Getafe,5,5,0,10,11,4,4,4,4,0.5,0.0,0,1,2
Case 422,Betis,R. Madrid,2,9,-7,17,3,2,4,14,6,0.0,0.0,1,2,2
Case 423,Sporting,Villarreal,0,10,-10,20,2,6,19,6,2,0.0,0.0,0,1,2
Case 424,Málaga,Valladolid,1,6,-5,19,9,0,7,4,4,0.0,0.0,2,1,1
Case 425,Racing,Mallorca,2,5,-3,18,13,2,6,3,4,0.0,0.0,1,2,2
Case 426,Numancia,Osasuna,3,3,0,16,15,5,8,2,3,0.5,0.0,0,0,X
Case 427,Espanyol,Barcelona,7,7,0,8,6,3,3,10,5,0.5,0.5,1,2,2
Case 428,At. Madrid,Sevilla,9,8,1,4,5,11,3,7,4,1.0,0.5,0,1,2
Case 429,Valencia,Deportivo,10,5,5,1,12,8,2,2,2,1.0,0.5,4,2,1
Case 430,Almería,Recreativo,7,4,3,7,14,6,5,2,6,0.5,0.5,1,0,1
Case 431,Sevilla,Athletic,11,5,6,4,12,8,4,4,5,1.0,0.33333334,4,0,1
Case 432,Deportivo,Numancia,5,4,1,13,15,4,6,5,8,0.5,0.0,1,0,1
Case 433,Villarreal,Betis,13,2,11,2,18,7,2,3,6,1.0,0.6666667,2,1,1
Case 434,Getafe,Almería,8,10,-2,8,6,5,4,7,5,0.0,0.6666667,2,2,X
Case 435,Barcelona,At. Madrid,10,9,1,5,7,12,6,11,4,0.5,0.6666667,6,1,1
Case 436,Mallorca,Sporting,8,0,8,9,20,5,5,6,20,0.5,0.33333334,0,2,2
Case 437,R. Madrid,Espanyol,12,7,5,3,10,16,7,4,5,1.0,0.6666667,2,2,X
Case 438,Recreativo,Málaga,4,4,0,16,17,2,7,2,8,0.0,0.33333334,0,4,2
Case 439,Osasuna,Racing,4,2,2,14,19,2,3,3,8,0.0,0.0,0,1,2
Case 440,Valladolid,Valencia,6,13,-7,11,1,5,6,12,4,1.0,0.0,0,1,2
Case 441,Athletic,Barcelona,5,13,-8,15,4,4,9,18,7,0.33333334,0.0,0,1,2
Case 442,Betis,Mallorca,2,8,-6,20,11,4,8,5,7,0.0,0.0,3,0,1
Case 443,Sporting,Osasuna,3,4,-1,19,16,8,20,2,4,0.0,0.33333334,2,1,1
Case 444,Málaga,Getafe,7,9,-2,12,8,6,8,7,6,0.33333334,0.33333334,2,1,1
Case 445,Racing,Deportivo,5,8,-3,14,10,4,8,5,6,0.0,0.33333334,0,0,X
Case 446,At. Madrid,R. Madrid,9,13,-4,7,5,12,10,18,9,0.6666667,0.33333334,1,2,2
Case 447,Espanyol,Villarreal,8,16,-8,9,2,6,7,9,3,0.33333334,0.33333334,0,0,X
Case 448,Valencia,Numancia,16,4,12,1,17,13,4,5,9,1.0,0.6666667,4,0,1
Case 449,Valladolid,Recreativo,6,4,2,13,18,5,7,2,11,0.6666667,0.0,1,1,X
Case 450,Almería,Sevilla,11,14,-3,6,3,9,7,12,4,0.6666667,0.33333334,0,1,2
Case 451,Sevilla,Málaga,17,10,7,2,7,13,4,8,9,1.0,0.5,0,1,2
Case 452,Deportivo,Sporting,9,6,3,11,15,5,6,10,21,0.6666667,0.0,0,3,2
Case 453,Villarreal,At. Madrid,17,9,8,3,8,9,3,13,12,1.0,0.5,4,4,X
Case 454,Getafe,Valladolid,9,7,2,9,13,8,8,6,8,0.0,0.5,1,0,1
Case 455,Barcelona,Almería,16,11,5,4,6,19,7,9,8,0.6666667,0.75,5,0,1
Case 456,Mallorca,Espanyol,8,9,-1,12,10,5,10,6,7,0.33333334,0.25,3,0,1
Case 457,Numancia,Racing,4,6,-2,20,14,5,13,4,8,0.33333334,0.0,2,1,1
Case 458,R. Madrid,Athletic,16,5,11,5,17,20,10,4,10,0.6666667,0.75,3,2,1
Case 459,Osasuna,Betis,4,5,-1,19,16,3,6,7,8,0.0,0.0,0,2,2
Case 460,Recreativo,Valencia,5,19,-14,18,1,3,12,17,4,0.0,0.25,1,1,X
Case 461,Athletic,Villarreal,5,18,-13,19,4,6,13,13,7,0.25,0.0,1,4,2
Case 462,Betis,Deportivo,8,9,-1,14,12,9,8,5,9,0.25,0.25,0,3,2
Case 463,Sporting,Numancia,9,7,2,13,16,13,21,7,14,0.25,0.5,3,1,1
Case 464,Málaga,Barcelona,13,19,-6,6,2,9,9,24,7,0.5,0.5,1,4,2
Case 465,At. Madrid,Mallorca,10,11,-1,10,8,17,16,8,10,0.5,0.25,2,0,1
Case 466,Espanyol,Osasuna,9,4,5,11,20,6,10,3,8,0.25,0.25,1,0,1
Case 467,Recreativo,Getafe,6,12,-6,18,7,4,13,9,8,0.0,0.25,1,1,X
Case 468,Valencia,Racing,20,6,14,1,17,18,5,5,10,1.0,0.5,2,4,2
Case 469,Valladolid,Sevilla,7,17,-10,15,5,6,9,13,5,0.5,0.0,3,2,1
Case 470,Almería,R. Madrid,11,19,-8,9,3,9,13,23,12,0.5,0.25,1,1,X
Case 471,Sevilla,Recreativo,17,7,10,5,18,15,8,5,14,0.75,0.4,1,0,1
Case 472,Deportivo,Espanyol,12,12,0,9,10,8,9,7,10,0.5,0.2,1,0,1
Case 473,Villarreal,Almería,21,12,9,2,11,17,8,10,14,0.75,0.6,2,1,1
Case 474,Getafe,Valencia,13,20,-7,7,4,10,9,20,9,0.25,0.4,0,3,2
Case 475,Racing,Sporting,9,12,-3,15,12,9,12,16,22,0.0,0.4,1,0,1
Case 476,Barcelona,Valladolid,22,10,12,1,14,28,8,9,11,0.75,0.8,6,0,1
Case 477,Mallorca,Athletic,11,5,6,13,19,8,12,7,17,0.5,0.2,3,3,X
Case 478,Numancia,Betis,7,8,-1,17,16,8,17,9,11,0.5,0.0,2,4,2
Case 479,R. Madrid,Málaga,20,13,7,3,8,24,13,10,13,0.75,0.6,4,3,1
Case 480,Osasuna,At. Madrid,4,13,-9,20,6,3,9,19,16,0.0,0.0,0,0,X
Case 481,Athletic,Osasuna,6,5,1,19,20,10,20,3,9,0.2,0.0,2,0,1
Case 482,Betis,Racing,11,12,-1,15,10,13,13,10,12,0.2,0.4,3,1,1
Case 483,Málaga,Villarreal,13,24,-11,9,2,13,17,19,9,0.4,0.4,2,2,X
Case 484,Getafe,Sevilla,13,20,-7,8,5,10,12,16,8,0.2,0.4,0,2,2
Case 485,At. Madrid,Deportivo,14,15,-1,7,6,19,16,9,9,0.6,0.2,4,1,1
Case 486,Espanyol,Numancia,12,7,5,12,18,7,11,10,21,0.4,0.2,3,4,2
Case 487,Recreativo,Barcelona,7,25,-18,17,1,5,15,34,8,0.0,0.2,0,2,2
Case 488,Valencia,Sporting,23,12,11,3,14,23,9,16,23,0.8,0.6,2,3,2
Case 489,Valladolid,R. Madrid,10,23,-13,16,4,9,17,28,16,0.6,0.0,1,0,1
Case 490,Almería,Mallorca,12,12,0,13,11,11,16,11,15,0.4,0.2,2,1,1
Case 491,Sevilla,Valencia,23,23,0,5,3,18,8,25,12,0.8,0.5,0,0,X
Case 492,Deportivo,Athletic,15,9,6,7,18,10,13,12,20,0.6,0.16666667,3,1,1
Case 493,Sporting,Betis,15,14,1,9,10,19,25,16,14,0.4,0.5,1,2,2
Case 494,Villarreal,Valladolid,25,13,12,2,13,21,11,10,17,0.8,0.5,0,3,2
Case 495,Racing,Espanyol,12,12,0,14,16,11,15,10,15,0.2,0.33333334,3,0,1
Case 496,Barcelona,Getafe,28,13,15,1,12,36,8,10,14,0.8,0.8333333,1,1,X
Case 497,Mallorca,Málaga,12,14,-2,15,11,12,17,15,19,0.4,0.16666667,2,2,X
Case 498,Numancia,At. Madrid,10,17,-7,17,6,14,24,23,17,0.4,0.16666667,1,1,X
Case 499,R. Madrid,Recreativo,23,7,16,4,19,28,17,5,17,0.8,0.5,1,0,1
Case 500,Osasuna,Almería,5,15,-10,20,8,3,11,13,17,0.0,0.0,3,1,1
Case 501,Sevilla,Barcelona,24,29,-5,5,1,18,8,37,9,0.6666667,0.5,0,3,2
Case 502,Athletic,Numancia,9,11,-2,18,17,13,23,15,25,0.33333334,0.0,2,0,1
Case 503,Málaga,Osasuna,15,8,7,11,19,17,21,6,12,0.33333334,0.33333334,4,2,1
Case 504,Getafe,R. Madrid,14,26,-12,14,2,11,15,29,17,0.16666667,0.33333334,3,1,1
Case 505,At. Madrid,Racing,18,15,3,6,10,24,18,14,15,0.6666667,0.16666667,4,1,1
Case 506,Espanyol,Sporting,12,15,-3,16,13,10,18,20,27,0.33333334,0.16666667,0,1,2
Case 507,Recreativo,Villarreal,7,25,-18,20,3,5,18,21,14,0.0,0.16666667,1,2,2
Case 508,Valencia,Betis,24,17,7,4,8,25,12,18,15,0.6666667,0.5,3,2,1
Case 509,Valladolid,Mallorca,16,13,3,9,15,13,17,14,19,0.6666667,0.16666667,3,0,1
Case 510,Almería,Deportivo,15,18,-3,12,7,14,20,13,14,0.5,0.16666667,0,1,2
Case 511,Betis,Espanyol,17,12,5,11,17,20,18,10,19,0.33333334,0.42857143,1,1,X
Case 512,Deportivo,Málaga,21,18,3,7,9,14,14,21,23,0.6666667,0.2857143,2,0,1
Case 513,Sporting,At. Madrid,18,21,-3,10,6,21,27,28,19,0.33333334,0.5714286,2,5,2
Case 514,Villarreal,Getafe,28,17,11,2,12,23,15,14,16,0.6666667,0.5714286,3,3,X
Case 515,Racing,Athletic,15,12,3,13,16,15,19,15,23,0.33333334,0.2857143,1,1,X
Case 516,Barcelona,Valencia,32,27,5,1,3,40,9,28,14,0.6666667,0.85714287,4,0,1
Case 517,Mallorca,Recreativo,13,7,6,15,20,14,22,6,20,0.33333334,0.14285715,2,3,2
Case 518,Numancia,Almería,11,15,-4,18,14,15,27,14,21,0.33333334,0.14285715,2,1,1
Case 519,R. Madrid,Sevilla,26,24,2,4,5,30,20,18,11,0.8333333,0.42857143,3,4,2
Case 520,Osasuna,Valladolid,8,19,-11,19,8,8,16,16,17,0.16666667,0.0,3,3,X
Case 521,Sevilla,Villarreal,27,29,-2,4,2,22,14,26,18,0.5714286,0.5714286,1,0,1
Case 522,Athletic,Sporting,13,18,-5,16,12,16,24,23,32,0.42857143,0.0,3,0,1
Case 523,Málaga,Numancia,18,14,4,11,15,21,25,17,28,0.42857143,0.2857143,2,0,1
Case 524,Getafe,Mallorca,18,13,5,10,17,17,19,16,25,0.2857143,0.2857143,4,1,1
Case 525,Barcelona,R. Madrid,35,26,9,1,5,44,9,33,24,0.71428573,0.85714287,2,0,1
Case 526,At. Madrid,Betis,24,18,6,6,9,33,21,21,19,0.71428573,0.2857143,2,0,1
Case 527,Recreativo,Osasuna,10,9,1,19,20,9,22,11,19,0.0,0.2857143,1,0,1
Case 528,Valencia,Espanyol,27,13,14,3,18,28,18,11,20,0.71428573,0.42857143,2,1,1
Case 529,Valladolid,Deportivo,20,24,-4,8,7,19,20,16,14,0.71428573,0.14285715,3,0,1
Case 530,Almería,Racing,15,16,-1,14,13,15,23,16,20,0.42857143,0.14285715,1,1,X
Case 531,Betis,Athletic,18,16,2,11,14,21,21,19,24,0.2857143,0.375,0,1,2
Case 532,Deportivo,Recreativo,24,13,11,7,19,16,17,10,22,0.71428573,0.25,4,1,1
Case 533,Sporting,Almería,18,16,2,12,15,23,35,16,24,0.2857143,0.5,1,0,1
Case 534,Villarreal,Barcelona,29,38,-9,4,1,26,19,46,9,0.5714286,0.5,1,2,2
Case 535,Racing,Málaga,17,21,-4,13,10,17,21,23,25,0.2857143,0.25,1,1,X
Case 536,Mallorca,Sevilla,13,30,-17,18,3,17,29,23,14,0.2857143,0.125,0,0,X
Case 537,Numancia,Valladolid,14,23,-9,16,8,17,30,22,20,0.42857143,0.125,4,3,1
Case 538,Espanyol,At. Madrid,13,27,-14,17,5,12,22,35,21,0.2857143,0.125,2,3,2
Case 539,R. Madrid,Valencia,26,30,-4,6,2,33,26,30,19,0.71428573,0.375,1,0,1
Case 540,Osasuna,Getafe,9,21,-12,20,9,11,20,21,20,0.14285715,0.0,5,2,1
Case 541,Sevilla,Osasuna,31,12,19,2,20,23,14,16,22,0.625,0.5,1,1,X
Case 542,Athletic,Espanyol,19,13,6,12,18,20,24,14,25,0.5,0.125,1,1,X
Case 543,Málaga,Sporting,22,21,1,9,11,24,26,24,35,0.5,0.25,1,0,1
Case 544,Getafe,Deportivo,21,27,-6,10,7,23,25,20,18,0.375,0.25,1,2,2
Case 545,Barcelona,Mallorca,41,14,27,1,17,48,10,17,29,0.75,0.875,3,1,1
Case 546,R. Madrid,Villarreal,29,29,0,5,6,34,26,27,21,0.75,0.375,1,0,1
Case 547,Recreativo,Numancia,13,17,-4,19,15,11,26,21,33,0.125,0.25,3,1,1
Case 548,Valencia,At. Madrid,30,30,0,4,3,30,20,38,23,0.75,0.375,3,1,1
Case 549,Valladolid,Racing,23,18,5,8,14,25,24,18,22,0.75,0.125,0,1,2
Case 550,Almería,Betis,16,18,-2,16,13,16,25,21,22,0.375,0.125,1,0,1
Case 551,Betis,Málaga,18,25,-7,15,8,21,23,25,26,0.25,0.33333334,1,2,2
Case 552,Deportivo,Sevilla,30,32,-2,6,4,22,19,24,15,0.75,0.33333334,1,3,2
Case 553,Sporting,Valladolid,21,23,-2,12,9,24,36,25,25,0.375,0.44444445,2,1,1
Case 554,Racing,Recreativo,21,16,5,11,17,19,22,14,27,0.25,0.33333334,1,1,X
Case 555,Mallorca,R. Madrid,14,32,-18,19,3,18,32,35,26,0.25,0.11111111,0,3,2
Case 556,Numancia,Getafe,17,21,-4,16,10,22,36,24,27,0.5,0.11111111,2,0,1
Case 557,At. Madrid,Athletic,30,20,10,5,13,39,26,21,25,0.75,0.33333334,2,3,2
Case 558,Espanyol,Almería,14,19,-5,18,14,15,26,17,25,0.25,0.11111111,2,2,X
Case 559,Osasuna,Barcelona,13,44,-31,20,1,17,23,51,11,0.25,0.0,2,3,2
Case 560,Valencia,Villarreal,33,29,4,2,7,33,21,27,22,0.7777778,0.375,3,3,X
Case 561,Sevilla,Numancia,35,20,15,3,15,27,16,24,36,0.5555556,0.5555556,1,0,1
Case 562,Athletic,Valencia,23,34,-11,11,4,24,27,36,24,0.44444445,0.22222222,3,2,1
Case 563,Málaga,Espanyol,28,15,13,8,18,27,27,17,28,0.5555556,0.33333334,4,0,1
Case 564,Villarreal,Mallorca,30,14,16,6,19,30,25,18,35,0.5,0.4,2,0,1
Case 565,Getafe,Racing,21,22,-1,13,12,24,29,20,23,0.33333334,0.22222222,0,1,2
Case 566,Barcelona,Deportivo,47,30,17,1,7,54,13,23,22,0.7777778,0.8888889,5,0,1
Case 567,R. Madrid,Osasuna,35,13,22,2,20,38,26,19,26,0.7777778,0.44444445,3,1,1
Case 568,Recreativo,Sporting,17,24,-7,17,9,15,28,26,37,0.22222222,0.22222222,2,0,1
Case 569,Valladolid,Betis,23,18,5,10,16,26,27,22,25,0.6666667,0.11111111,1,3,2
Case 570,Almería,At. Madrid,20,30,-10,14,5,19,27,41,29,0.44444445,0.11111111,1,1,X
Case 571,Sevilla,Racing,38,25,13,3,10,28,16,21,23,0.6,0.5555556,0,2,2
Case 572,Villarreal,Osasuna,33,13,20,5,20,32,25,20,29,0.5555556,0.4,1,1,X
Case 573,Málaga,At. Madrid,31,31,0,7,6,31,27,42,30,0.6,0.33333334,1,1,X
Case 574,Getafe,Sporting,21,24,-3,14,11,24,30,26,39,0.3,0.22222222,5,1,1
Case 575,Barcelona,Numancia,50,20,30,1,17,59,13,24,37,0.8,0.8888889,4,1,1
Case 576,Mallorca,Valencia,14,34,-20,19,4,18,37,38,27,0.22222222,0.1,3,1,1
Case 577,R. Madrid,Deportivo,38,30,8,2,8,41,27,23,27,0.8,0.44444445,1,0,1
Case 578,Recreativo,Betis,20,21,-1,16,13,17,28,25,26,0.3,0.22222222,1,0,1
Case 579,Valladolid,Espanyol,23,15,8,12,18,27,30,17,32,0.6,0.11111111,1,1,X
Case 580,Almería,Athletic,21,26,-5,15,9,20,28,27,29,0.4,0.11111111,2,1,1
Case 581,Athletic,Málaga,26,32,-6,10,7,28,31,32,28,0.5,0.2,3,2,1
Case 582,Betis,Getafe,21,24,-3,16,11,25,27,29,31,0.22222222,0.36363637,2,2,X
Case 583,Deportivo,Villarreal,30,34,-4,8,5,23,28,33,26,0.6666667,0.27272728,3,0,1
Case 584,Sporting,Sevilla,24,38,-14,14,3,27,44,28,18,0.44444445,0.36363637,1,0,1
Case 585,Racing,Barcelona,28,53,-25,9,1,23,23,63,14,0.22222222,0.45454547,1,2,2
Case 586,Numancia,R. Madrid,20,41,-21,17,2,25,41,42,27,0.5555556,0.09090909,0,2,2
Case 587,At. Madrid,Valladolid,32,24,8,6,12,43,31,28,31,0.6666667,0.27272728,1,2,2
Case 588,Espanyol,Recreativo,16,23,-7,19,15,18,33,18,28,0.22222222,0.09090909,1,1,X
Case 589,Osasuna,Mallorca,14,17,-3,20,18,21,30,21,38,0.22222222,0.0,1,0,1
Case 590,Valencia,Almería,34,24,10,4,13,39,30,22,29,0.7,0.3,3,2,1
Case 591,Sevilla,Betis,38,22,16,3,16,28,19,27,29,0.54545456,0.5,1,2,2
Case 592,Málaga,Almería,32,24,8,8,14,34,31,24,32,0.54545456,0.3,3,2,1
Case 593,Villarreal,Numancia,34,20,14,5,17,33,29,25,43,0.5,0.36363637,2,1,1
Case 594,Getafe,Espanyol,25,17,8,13,19,31,33,19,34,0.36363637,0.2,1,1,X
Case 595,Barcelona,Sporting,56,27,29,1,12,65,15,28,44,0.8181818,0.9,3,1,1
Case 596,Mallorca,Deportivo,17,33,-16,20,6,21,39,26,28,0.3,0.09090909,1,1,X
Case 597,R. Madrid,Racing,44,28,16,2,10,44,27,24,25,0.8181818,0.5,1,0,1
Case 598,Recreativo,At. Madrid,24,32,-8,15,7,19,29,44,33,0.36363637,0.2,0,3,2
Case 599,Osasuna,Valencia,17,37,-20,18,4,22,30,42,32,0.3,0.0,1,0,1
Case 600,Valladolid,Athletic,27,29,-2,11,9,30,32,31,33,0.54545456,0.2,2,1,1
Case 601,Athletic,Recreativo,29,24,5,10,16,32,35,19,32,0.54545456,0.18181819,1,1,X
Case 602,Betis,Barcelona,25,59,-34,14,1,29,30,68,16,0.2,0.41666666,2,2,X
Case 603,Deportivo,Osasuna,34,20,14,8,17,27,29,23,30,0.7,0.25,0,0,X
Case 604,Sporting,R. Madrid,27,47,-20,12,2,29,47,45,27,0.5,0.33333334,0,4,2
Case 605,Racing,Villarreal,28,37,-9,11,5,24,26,35,30,0.2,0.41666666,1,1,X
Case 606,Numancia,Mallorca,20,18,2,18,20,26,45,22,40,0.5,0.083333336,0,1,2
Case 607,At. Madrid,Getafe,35,26,9,6,13,47,33,32,34,0.6,0.33333334,1,1,X
Case 608,Espanyol,Sevilla,18,38,-20,19,3,20,35,29,21,0.2,0.083333336,0,2,2
Case 609,Valencia,Málaga,37,35,2,4,7,42,33,37,33,0.72727275,0.27272728,1,1,X
Case 610,Almería,Valladolid,24,30,-6,15,9,26,35,32,33,0.45454547,0.09090909,3,2,1
Case 611,Sevilla,At. Madrid,41,36,5,3,6,31,21,48,34,0.5,0.54545456,1,0,1
Case 612,Deportivo,Valencia,35,38,-3,8,4,27,29,43,34,0.6363636,0.25,1,1,X
Case 613,Villarreal,Sporting,38,27,11,5,14,36,31,29,51,0.54545456,0.33333334,2,1,1
Case 614,Getafe,Athletic,27,30,-3,12,9,33,35,33,36,0.33333334,0.18181819,1,1,X
Case 615,Barcelona,Espanyol,60,18,42,1,20,70,18,20,37,0.8333333,0.8181818,1,2,2
Case 616,Mallorca,Racing,21,29,-8,18,11,23,40,25,27,0.27272728,0.16666667,1,0,1
Case 617,R. Madrid,Betis,50,26,24,2,15,49,27,31,32,0.8333333,0.54545456,6,1,1
Case 618,Recreativo,Almería,25,27,-2,16,13,20,33,29,37,0.33333334,0.18181819,1,1,X
Case 619,Osasuna,Numancia,21,20,1,17,19,23,30,26,46,0.36363637,0.0,2,0,1
Case 620,Valladolid,Málaga,30,36,-6,10,7,34,36,38,34,0.5833333,0.18181819,1,3,2
Case 621,Athletic,Sevilla,31,44,-13,9,3,34,37,32,21,0.5,0.16666667,1,2,2
Case 622,Betis,Villarreal,26,41,-15,16,4,32,38,38,32,0.18181819,0.3846154,2,2,X
Case 623,Sporting,Mallorca,27,24,3,14,18,30,53,24,40,0.45454547,0.30769232,0,1,2
Case 624,Málaga,Recreativo,39,26,13,6,15,41,35,21,34,0.5833333,0.33333334,0,2,2
Case 625,Racing,Osasuna,29,24,5,11,17,25,28,25,30,0.18181819,0.3846154,1,1,X
Case 626,Numancia,Deportivo,20,36,-16,20,8,26,48,28,30,0.45454547,0.07692308,0,1,2
Case 627,Espanyol,R. Madrid,21,53,-32,19,2,22,38,55,28,0.18181819,0.15384616,0,2,2
Case 628,At. Madrid,Barcelona,36,60,-24,7,1,48,35,71,20,0.54545456,0.30769232,4,3,1
Case 629,Valencia,Valladolid,39,30,9,5,10,44,35,35,39,0.6666667,0.25,1,2,2
Case 630,Almería,Getafe,28,28,0,13,12,30,38,34,36,0.5,0.083333336,2,1,1
Case 631,Sevilla,Almería,47,31,16,3,10,34,22,32,39,0.53846157,0.5833333,2,1,1
Case 632,Deportivo,Racing,39,30,9,8,12,29,30,26,29,0.5833333,0.30769232,5,3,1
Case 633,Villarreal,Espanyol,42,21,21,4,19,40,34,22,40,0.5833333,0.30769232,1,0,1
Case 634,Getafe,Málaga,28,39,-11,14,7,35,38,41,37,0.30769232,0.16666667,1,2,2
Case 635,Barcelona,Athletic,60,31,29,1,11,74,24,35,39,0.7692308,0.75,2,0,1
Case 636,Mallorca,Betis,27,27,0,16,15,25,40,34,40,0.33333334,0.23076923,3,3,X
Case 637,Numancia,Valencia,20,39,-19,20,6,26,49,45,37,0.41666666,0.07692308,2,1,1
Case 638,R. Madrid,At. Madrid,56,39,17,2,5,57,28,52,38,0.84615386,0.5833333,1,1,X
Case 639,Recreativo,Valladolid,29,33,-4,13,9,23,34,37,40,0.30769232,0.25,2,3,2
Case 640,Osasuna,Sporting,25,27,-2,18,17,26,31,30,54,0.41666666,0.0,1,2,2
Case 641,Athletic,R. Madrid,31,57,-26,11,2,35,41,58,29,0.46153846,0.15384616,2,5,2
Case 642,Betis,Osasuna,28,25,3,16,18,37,43,27,33,0.16666667,0.35714287,0,0,X
Case 643,Sporting,Deportivo,30,42,-12,13,6,32,55,34,33,0.41666666,0.35714287,3,2,1
Case 644,Málaga,Sevilla,42,50,-8,5,3,43,38,36,23,0.53846157,0.3846154,2,2,X
Case 645,Racing,Numancia,30,23,7,12,19,29,34,28,50,0.16666667,0.35714287,5,0,1
Case 646,At. Madrid,Villarreal,40,45,-5,7,4,53,39,41,34,0.5833333,0.2857143,3,2,1
Case 647,Espanyol,Mallorca,21,28,-7,20,17,22,41,28,43,0.16666667,0.14285715,3,3,X
Case 648,Valencia,Recreativo,39,29,10,8,14,46,39,25,37,0.61538464,0.23076923,1,1,X
Case 649,Valladolid,Getafe,36,28,8,9,15,40,42,36,40,0.53846157,0.30769232,1,0,1
Case 650,Almería,Barcelona,31,63,-32,10,1,33,41,76,24,0.53846157,0.07692308,0,2,2
Case 651,Sevilla,Valladolid,51,39,12,3,9,38,25,41,42,0.5714286,0.53846157,4,1,1
Case 652,Deportivo,Betis,42,29,13,7,15,36,36,37,43,0.61538464,0.2857143,1,1,X
Case 653,Villarreal,Athletic,45,31,14,4,13,43,37,37,46,0.61538464,0.2857143,2,0,1
Case 654,Getafe,Recreativo,28,30,-2,17,14,36,41,26,38,0.2857143,0.15384616,2,1,1
Case 655,Racing,Valencia,33,40,-7,10,8,34,34,47,40,0.23076923,0.35714287,0,1,2
Case 656,Barcelona,Málaga,66,43,23,1,6,78,24,45,40,0.78571427,0.7692308,6,0,1
Case 657,Mallorca,At. Madrid,29,43,-14,16,5,31,46,56,41,0.30769232,0.21428572,2,0,1
Case 658,Numancia,Sporting,23,33,-10,19,11,28,55,35,57,0.46153846,0.071428575,2,1,1
Case 659,R. Madrid,Almería,60,31,29,2,12,63,31,33,43,0.78571427,0.61538464,3,0,1
Case 660,Osasuna,Espanyol,26,22,4,18,20,27,33,25,44,0.3846154,0.0,1,0,1
Case 661,Athletic,Mallorca,31,32,-1,15,12,37,48,33,46,0.42857143,0.14285715,2,1,1
Case 662,Betis,Numancia,30,26,4,17,19,38,44,30,56,0.15384616,0.33333334,3,3,X
Case 663,Sporting,Racing,33,33,0,11,10,36,59,34,35,0.46153846,0.33333334,0,2,2
Case 664,Málaga,R. Madrid,43,63,-20,8,2,45,46,66,31,0.5,0.35714287,0,1,2
Case 665,At. Madrid,Osasuna,43,29,14,5,18,56,43,28,33,0.61538464,0.26666668,2,4,2
Case 666,Espanyol,Deportivo,22,43,-21,20,7,25,45,37,37,0.15384616,0.13333334,3,1,1
Case 667,Recreativo,Sevilla,30,54,-24,16,3,27,40,42,26,0.2857143,0.21428572,0,1,2
Case 668,Valladolid,Barcelona,39,69,-30,9,1,42,46,84,24,0.5714286,0.2857143,0,1,2
Case 669,Valencia,Getafe,43,31,12,6,14,48,40,38,42,0.5714286,0.2857143,4,1,1
Case 670,Almería,Villarreal,31,48,-17,13,4,33,46,45,37,0.5,0.071428575,3,0,1
Case 671,Sevilla,Getafe,57,31,26,3,17,43,26,39,46,0.6,0.5714286,0,1,2
Case 672,Deportivo,At. Madrid,43,43,0,8,6,38,40,58,47,0.5714286,0.26666668,1,2,2
Case 673,Sporting,Valencia,33,46,-13,13,5,36,61,52,41,0.42857143,0.33333334,2,3,2
Case 674,Villarreal,Málaga,48,43,5,4,7,45,40,45,47,0.64285713,0.26666668,0,2,2
Case 675,Racing,Betis,36,31,5,10,16,36,35,41,47,0.21428572,0.4,2,3,2
Case 676,Barcelona,Recreativo,72,30,42,1,18,85,24,27,41,0.8,0.78571427,2,0,1
Case 677,Mallorca,Almería,32,34,-2,15,11,34,48,36,46,0.35714287,0.2,2,0,1
Case 678,Numancia,Espanyol,27,25,2,19,20,33,59,28,46,0.5,0.06666667,0,0,X
Case 679,R. Madrid,Valladolid,66,39,27,2,9,67,31,42,47,0.8,0.64285713,2,0,1
Case 680,Osasuna,Athletic,32,34,-2,14,12,32,35,39,49,0.42857143,0.06666667,2,1,1
Case 681,Athletic,Deportivo,34,43,-9,15,8,40,51,39,42,0.46666667,0.13333334,0,1,2
Case 682,Betis,Sporting,34,33,1,13,17,44,49,38,64,0.14285715,0.375,2,0,1
Case 683,Málaga,Mallorca,46,35,11,7,12,47,47,36,48,0.46666667,0.4,1,1,X
Case 684,Getafe,Barcelona,34,75,-41,14,1,40,46,87,24,0.33333334,0.2,0,1,2
Case 685,At. Madrid,Numancia,46,28,18,6,19,60,48,33,59,0.5714286,0.3125,3,0,1
Case 686,Espanyol,Racing,26,36,-10,20,10,28,46,38,38,0.21428572,0.125,1,0,1
Case 687,Recreativo,R. Madrid,30,69,-39,18,2,27,43,69,31,0.26666668,0.2,0,1,2
Case 688,Valencia,Sevilla,49,57,-8,4,3,55,43,43,27,0.6,0.33333334,3,1,1
Case 689,Valladolid,Villarreal,39,48,-9,9,5,42,49,45,42,0.53333336,0.26666668,0,0,X
Case 690,Almería,Osasuna,34,35,-1,16,11,36,48,34,36,0.53333336,0.06666667,2,1,1
Case 691,Betis,Valencia,37,52,-15,10,4,46,49,58,44,0.2,0.375,1,2,2
Case 692,Deportivo,Almería,46,37,9,8,11,40,42,38,49,0.53333336,0.3125,2,0,1
Case 693,Sporting,Espanyol,33,29,4,17,19,38,66,29,46,0.4,0.3125,0,3,2
Case 694,Villarreal,Recreativo,49,30,19,6,18,45,42,27,44,0.6,0.25,2,1,1
Case 695,Racing,At. Madrid,36,49,-13,13,5,38,39,63,48,0.2,0.375,5,1,1
Case 696,Numancia,Athletic,28,34,-6,20,16,33,62,40,52,0.46666667,0.0625,1,2,2
Case 697,Barcelona,Sevilla,78,57,21,1,3,88,24,44,30,0.8125,0.8,4,0,1
Case 698,Mallorca,Valladolid,36,40,-4,12,9,37,49,42,49,0.4,0.1875,2,0,1
Case 699,R. Madrid,Getafe,72,34,38,2,15,70,31,40,47,0.8125,0.6666667,3,2,1
Case 700,Osasuna,Málaga,35,47,-12,14,7,35,38,48,48,0.46666667,0.0625,2,3,2
Case 701,Sevilla,R. Madrid,57,75,-18,3,2,44,34,73,33,0.5625,0.5,2,4,2
Case 702,Athletic,Racing,37,39,-2,13,11,42,53,43,40,0.4375,0.1875,2,1,1
Case 703,Málaga,Deportivo,50,49,1,6,8,51,50,42,42,0.4375,0.4375,1,1,X
Case 704,Getafe,Villarreal,34,52,-18,16,5,42,50,47,43,0.3125,0.1875,1,2,2
Case 705,At. Madrid,Sporting,49,33,16,7,17,64,53,38,69,0.6,0.29411766,3,1,1
Case 706,Espanyol,Betis,32,37,-5,18,12,32,46,47,51,0.26666668,0.1764706,2,0,1
Case 707,Recreativo,Mallorca,30,39,-9,19,10,28,46,39,49,0.25,0.1875,2,4,2
Case 708,Valencia,Barcelona,55,81,-26,4,1,60,45,92,24,0.625,0.375,2,2,X
Case 709,Valladolid,Osasuna,40,35,5,9,15,42,51,37,41,0.5,0.25,0,0,X
Case 710,Almería,Numancia,37,28,9,14,20,38,51,34,64,0.5625,0.0625,2,1,1
Case 711,Betis,At. Madrid,37,52,-15,14,6,47,53,67,54,0.1875,0.3529412,0,2,2
Case 712,Deportivo,Valladolid,50,41,9,8,10,43,43,42,51,0.5625,0.29411766,1,0,1
Case 713,Sporting,Athletic,33,40,-7,18,12,39,72,44,54,0.375,0.29411766,1,1,X
Case 714,Villarreal,Sevilla,55,57,-2,5,3,49,44,46,38,0.625,0.29411766,0,2,2
Case 715,Racing,Almería,39,40,-1,13,11,44,42,40,52,0.25,0.3529412,0,2,2
Case 716,Numancia,Málaga,28,51,-23,20,7,35,66,52,51,0.4375,0.05882353,2,0,1
Case 717,Mallorca,Getafe,42,34,8,9,17,43,51,43,52,0.4375,0.23529412,2,1,1
Case 718,R. Madrid,Barcelona,78,82,-4,2,1,77,35,94,26,0.8235294,0.6875,2,6,2
Case 719,Espanyol,Valencia,35,56,-21,16,4,34,46,62,47,0.3125,0.1764706,3,0,1
Case 720,Osasuna,Recreativo,36,30,6,15,19,37,41,30,50,0.4375,0.05882353,1,2,2
Case 721,Sevilla,Mallorca,60,45,15,3,9,48,38,45,52,0.5294118,0.5294118,3,1,1
Case 722,Athletic,Betis,41,37,4,11,15,45,55,47,55,0.47058824,0.1764706,1,0,1
Case 723,Málaga,Racing,51,39,12,8,13,52,53,44,44,0.4117647,0.4117647,1,0,1
Case 724,Getafe,Osasuna,34,36,-2,17,16,44,54,38,43,0.29411766,0.1764706,3,0,1
Case 725,Barcelona,Villarreal,85,55,30,1,6,100,28,49,46,0.8235294,0.7647059,3,3,X
Case 726,At. Madrid,Espanyol,55,38,17,5,14,69,54,37,46,0.625,0.33333334,3,2,1
Case 727,Recreativo,Deportivo,33,53,-20,19,7,32,51,44,43,0.23529412,0.23529412,1,2,2
Case 728,Valencia,R. Madrid,56,78,-22,4,2,62,50,79,41,0.5882353,0.3529412,3,0,1
Case 729,Valladolid,Numancia,41,31,10,12,20,42,52,37,66,0.47058824,0.23529412,0,0,X
Case 730,Almería,Sporting,43,34,9,10,18,42,52,40,73,0.5882353,0.11764706,3,1,1
Case 731,Betis,Almería,37,46,-9,16,9,47,56,45,53,0.1764706,0.33333334,2,0,1
Case 732,Deportivo,Getafe,56,37,19,6,15,46,44,47,54,0.5882353,0.33333334,1,1,X
Case 733,Sporting,Málaga,34,54,-20,18,8,41,76,53,53,0.3529412,0.2777778,2,1,1
Case 734,Villarreal,R. Madrid,56,78,-22,7,2,52,49,79,44,0.5882353,0.2777778,3,2,1
Case 735,Racing,Valladolid,39,42,-3,13,12,44,45,42,52,0.23529412,0.33333334,3,2,1
Case 736,Mallorca,Barcelona,45,86,-41,10,1,46,55,103,31,0.47058824,0.22222222,2,1,1
Case 737,Numancia,Recreativo,32,33,-1,20,19,37,66,33,53,0.47058824,0.055555556,1,0,1
Case 738,At. Madrid,Valencia,58,59,-1,5,4,72,56,65,50,0.64705884,0.33333334,1,0,1
Case 739,Espanyol,Athletic,38,44,-6,14,11,39,49,46,55,0.3529412,0.16666667,1,0,1
Case 740,Osasuna,Sevilla,36,63,-27,17,3,38,46,51,39,0.4117647,0.055555556,0,0,X
Case 741,Sevilla,Deportivo,64,57,7,3,7,51,39,47,45,0.5555556,0.5,1,0,1
Case 742,Athletic,At. Madrid,44,61,-17,11,4,46,56,73,56,0.5,0.16666667,1,4,2
Case 743,Málaga,Betis,54,40,14,8,15,54,55,49,56,0.44444445,0.3888889,1,1,X
Case 744,Villarreal,Valencia,59,59,0,6,5,55,51,65,51,0.6111111,0.2777778,3,1,1
Case 745,Getafe,Numancia,38,35,3,16,19,48,55,38,66,0.33333334,0.16666667,1,0,1
Case 746,Barcelona,Osasuna,86,37,49,1,18,104,33,38,46,0.7777778,0.7222222,0,1,2
Case 747,R. Madrid,Mallorca,78,48,30,2,9,81,47,48,56,0.7777778,0.6111111,1,3,2
Case 748,Recreativo,Racing,33,42,-9,20,12,33,54,47,47,0.22222222,0.22222222,0,1,2
Case 749,Valladolid,Sporting,42,37,5,13,17,44,55,43,77,0.44444445,0.22222222,1,2,2
Case 750,Almería,Espanyol,46,41,5,10,14,45,55,40,49,0.6111111,0.11111111,0,3,2
Case 751,Betis,Valladolid,41,42,-1,16,14,50,57,45,57,0.22222222,0.31578946,1,1,X
Case 752,Deportivo,Barcelona,57,86,-29,7,1,47,46,104,34,0.5555556,0.31578946,1,1,X
Case 753,Sporting,Recreativo,40,33,7,17,20,45,78,33,55,0.3888889,0.31578946,2,1,1
Case 754,Racing,Getafe,45,41,4,11,15,48,47,49,55,0.2777778,0.36842105,1,1,X
Case 755,Mallorca,Villarreal,51,62,-11,9,5,51,57,58,52,0.5,0.2631579,2,3,2
Case 756,Numancia,Sevilla,35,67,-32,19,3,38,67,52,39,0.5,0.05263158,0,2,2
Case 757,At. Madrid,Almería,64,46,18,4,10,77,57,45,58,0.6666667,0.36842105,3,0,1
Case 758,Espanyol,Málaga,44,55,-11,12,8,43,49,55,56,0.3888889,0.21052632,3,0,1
Case 759,Osasuna,R. Madrid,40,78,-38,18,2,39,46,82,50,0.3888889,0.10526316,2,1,1
Case 760,Valencia,Athletic,59,44,15,6,13,66,54,47,60,0.6111111,0.31578946,2,0,1
Case 761,Zaragoza,Tenerife,0,0,0,7,15,0,0,0,0,0.0,0.0,1,0,1
Case 762,Athletic,Espanyol,0,0,0,8,14,0,0,0,0,0.0,0.0,1,0,1
Case 763,Málaga,At. Madrid,0,0,0,3,20,0,0,0,0,0.0,0.0,3,0,1
Case 764,Racing,Getafe,0,0,0,18,1,0,0,0,0,0.0,0.0,1,4,2
Case 765,Barcelona,Sporting,0,0,0,2,19,0,0,0,0,0.0,0.0,3,0,1
Case 766,Mallorca,Xerez,0,0,0,4,16,0,0,0,0,0.0,0.0,2,0,1
Case 767,R. Madrid,Deportivo,0,0,0,6,13,0,0,0,0,0.0,0.0,3,2,1
Case 768,Osasuna,Villarreal,0,0,0,9,10,0,0,0,0,0.0,0.0,1,1,X
Case 769,Valencia,Sevilla,0,0,0,5,17,0,0,0,0,0.0,0.0,2,0,1
Case 770,Almería,Valladolid,0,0,0,11,12,0,0,0,0,0.0,0.0,0,0,X
Case 771,Sevilla,Zaragoza,0,3,-3,17,7,0,2,1,0,0.0,0.0,4,1,1
Case 772,Deportivo,Málaga,0,3,-3,13,3,2,3,3,0,0.0,0.0,1,0,1
Case 773,Sporting,Almería,0,1,-1,19,11,0,3,0,0,0.0,0.0,1,0,1
Case 774,Villarreal,Mallorca,1,3,-2,10,4,1,1,2,0,0.0,0.0,1,1,X
Case 775,Xerez,Athletic,0,3,-3,16,8,0,2,1,0,0.0,0.0,0,1,2
Case 776,Getafe,Barcelona,3,3,0,1,2,4,1,3,0,0.0,1.0,0,2,2
Case 777,Espanyol,R. Madrid,0,3,-3,14,6,0,1,3,2,0.0,0.0,0,3,2
Case 778,At. Madrid,Racing,0,0,0,20,18,0,3,1,4,0.0,0.0,1,1,X
Case 779,Tenerife,Osasuna,0,1,-1,15,9,0,1,1,1,0.0,0.0,2,1,1
Case 780,Valladolid,Valencia,1,3,-2,12,5,0,0,2,0,0.0,0.0,2,4,2
Case 781,Athletic,Villarreal,6,2,4,4,13,2,0,2,2,1.0,1.0,3,2,1
Case 782,Zaragoza,Valladolid,3,1,2,11,16,2,4,2,4,1.0,0.0,1,2,2
Case 783,Deportivo,Espanyol,3,0,3,9,20,3,3,0,4,1.0,0.0,2,3,2
Case 784,Málaga,Racing,3,1,2,6,17,3,1,2,5,1.0,0.0,1,2,2
Case 785,Mallorca,Tenerife,4,3,1,5,10,3,1,2,2,1.0,0.0,4,0,1
Case 786,Barcelona,At. Madrid,6,1,5,1,18,5,0,1,4,1.0,1.0,5,2,1
Case 787,R. Madrid,Xerez,6,0,6,3,19,6,2,0,3,1.0,1.0,5,0,1
Case 788,Osasuna,Sevilla,1,3,-2,14,7,2,3,4,3,0.0,0.0,0,2,2
Case 789,Valencia,Sporting,6,3,3,2,12,6,2,1,3,1.0,1.0,2,2,X
Case 790,Almería,Getafe,1,3,-2,15,8,0,1,4,3,0.0,0.0,1,0,1
Case 791,Sevilla,Mallorca,6,7,-1,6,4,6,3,7,1,1.0,0.5,2,0,1
Case 792,Sporting,Zaragoza,4,3,1,10,15,3,5,3,6,1.0,0.0,1,1,X
Case 793,Villarreal,R. Madrid,2,9,-7,17,1,4,5,11,2,0.0,0.0,0,2,2
Case 794,Xerez,Deportivo,0,3,-3,20,13,0,8,5,6,0.0,0.0,0,3,2
Case 795,Getafe,Valencia,3,7,-4,12,5,4,4,8,4,0.0,0.5,3,1,1
Case 796,Racing,Barcelona,4,9,-5,9,2,4,6,10,2,0.0,0.5,1,4,2
Case 797,Espanyol,Málaga,3,3,0,14,11,3,6,4,3,0.0,0.5,2,1,1
Case 798,At. Madrid,Almería,1,4,-3,19,7,3,9,1,1,0.0,0.0,2,2,X
Case 799,Tenerife,Athletic,3,9,-6,16,3,2,6,5,2,1.0,0.0,1,0,1
Case 800,Valladolid,Osasuna,4,1,3,8,18,4,5,2,5,0.0,0.5,1,2,2
Case 801,Athletic,Sevilla,9,9,0,4,3,5,3,8,3,1.0,0.5,0,4,2
Case 802,Zaragoza,Getafe,4,6,-2,15,8,4,7,7,5,0.5,0.0,3,0,1
Case 803,Deportivo,Villarreal,6,2,4,7,18,8,6,4,7,0.5,0.5,1,0,1
Case 804,Málaga,Barcelona,3,12,-9,17,1,5,5,14,3,0.5,0.0,0,2,2
Case 805,Mallorca,Valladolid,7,4,3,5,13,7,3,5,7,1.0,0.0,3,0,1
Case 806,Espanyol,Xerez,6,0,6,9,20,5,7,0,11,0.5,0.5,0,0,X
Case 807,R. Madrid,Tenerife,12,6,6,2,10,13,2,3,6,1.0,1.0,3,0,1
Case 808,Osasuna,Sporting,4,5,-1,14,12,4,6,4,6,0.0,0.5,1,0,1
Case 809,Valencia,At. Madrid,7,2,5,6,19,9,7,5,11,0.5,0.5,2,2,X
Case 810,Almería,Racing,5,4,1,11,16,3,3,5,10,0.5,0.0,2,2,X
Case 811,Sevilla,R. Madrid,12,15,-3,3,1,12,3,16,2,1.0,0.6666667,2,1,1
Case 812,Sporting,Mallorca,5,10,-5,14,4,4,7,10,3,0.5,0.0,4,1,1
Case 813,Villarreal,Espanyol,2,7,-5,19,10,4,8,5,7,0.0,0.0,0,0,X
Case 814,Xerez,Málaga,1,3,-2,20,17,0,11,5,7,0.0,0.0,1,1,X
Case 815,Getafe,Osasuna,6,7,-1,12,9,7,8,5,6,0.5,0.33333334,2,1,1
Case 816,Racing,Valencia,5,8,-3,15,7,7,12,11,9,0.0,0.33333334,0,1,2
Case 817,Barcelona,Almería,15,6,9,2,11,16,3,5,5,1.0,1.0,1,0,1
Case 818,At. Madrid,Zaragoza,3,7,-4,18,8,7,13,7,7,0.0,0.0,2,1,1
Case 819,Tenerife,Deportivo,6,9,-3,13,5,3,9,9,6,1.0,0.0,0,1,2
Case 820,Valladolid,Athletic,4,9,-5,16,6,5,10,5,7,0.0,0.33333334,2,2,X
Case 821,Athletic,Sporting,10,8,2,7,9,7,9,8,8,0.6666667,0.33333334,1,2,2
Case 822,Zaragoza,Racing,7,5,2,11,17,8,9,7,13,0.6666667,0.0,2,2,X
Case 823,Deportivo,Sevilla,12,15,-3,4,3,10,6,14,4,0.6666667,0.6666667,1,0,1
Case 824,Málaga,Almería,4,6,-2,18,13,6,8,5,6,0.33333334,0.0,1,2,2
Case 825,Xerez,Villarreal,2,3,-1,20,19,1,12,4,8,0.0,0.0,2,1,1
Case 826,Mallorca,Getafe,10,9,1,6,8,11,7,9,9,1.0,0.0,3,1,1
Case 827,Espanyol,Tenerife,8,6,2,10,15,5,7,3,10,0.33333334,0.33333334,2,1,1
Case 828,R. Madrid,Valladolid,15,5,10,2,16,17,4,7,12,1.0,0.6666667,4,2,1
Case 829,Osasuna,At. Madrid,7,6,1,12,14,6,8,9,14,0.33333334,0.33333334,3,0,1
Case 830,Valencia,Barcelona,11,18,-7,5,1,12,9,17,3,0.33333334,0.6666667,0,0,X
Case 831,Sevilla,Espanyol,15,11,4,3,8,14,5,7,8,1.0,0.5,0,0,X
Case 832,Sporting,R. Madrid,11,18,-7,7,2,10,9,21,6,0.6666667,0.25,0,0,X
Case 833,Villarreal,Málaga,3,4,-1,20,19,5,10,7,10,0.0,0.0,2,1,1
Case 834,Getafe,Athletic,9,10,-1,12,10,10,12,8,11,0.6666667,0.25,2,0,1
Case 835,Racing,Osasuna,6,10,-4,14,9,9,15,9,8,0.0,0.25,1,1,X
Case 836,Barcelona,Zaragoza,19,8,11,1,13,17,3,10,11,1.0,0.75,6,1,1
Case 837,At. Madrid,Mallorca,6,13,-7,15,5,9,17,14,8,0.33333334,0.0,1,1,X
Case 838,Valladolid,Deportivo,5,15,-10,17,4,9,16,11,6,0.0,0.25,4,0,1
Case 839,Tenerife,Xerez,6,5,1,16,18,4,12,3,13,0.6666667,0.0,1,0,1
Case 840,Almería,Valencia,9,12,-3,11,6,7,7,12,9,0.33333334,0.25,0,3,2
Case 841,Zaragoza,Almería,8,9,-1,15,12,11,17,7,10,0.5,0.0,2,1,1
Case 842,Athletic,At. Madrid,10,7,3,11,17,8,13,10,18,0.5,0.25,1,0,1
Case 843,Deportivo,Sporting,15,12,3,5,7,11,10,10,9,0.75,0.5,1,1,X
Case 844,Málaga,Valencia,4,15,-11,20,4,8,12,15,9,0.25,0.0,0,1,2
Case 845,Villarreal,Tenerife,6,9,-3,18,13,7,11,5,12,0.25,0.0,5,0,1
Case 846,Xerez,Sevilla,5,16,-11,19,3,3,14,14,5,0.25,0.0,0,2,2
Case 847,Mallorca,Racing,14,7,7,6,16,15,9,10,16,1.0,0.0,1,0,1
Case 848,Espanyol,Valladolid,12,8,4,9,14,7,8,13,16,0.5,0.25,1,1,X
Case 849,R. Madrid,Getafe,19,12,7,2,8,21,6,12,12,1.0,0.5,2,0,1
Case 850,Osasuna,Barcelona,11,22,-11,10,1,10,9,23,4,0.5,0.25,1,1,X
Case 851,Sevilla,Villarreal,19,9,10,3,13,16,5,12,11,0.75,0.6,3,2,1
Case 852,Sporting,Espanyol,13,13,0,7,8,11,10,8,9,0.5,0.2,1,0,1
Case 853,Getafe,Deportivo,12,16,-4,11,6,12,14,12,11,0.75,0.2,0,2,2
Case 854,Racing,Athletic,7,13,-6,17,9,10,17,9,13,0.0,0.2,0,2,2
Case 855,Barcelona,Mallorca,23,17,6,1,5,24,5,16,9,1.0,0.6,4,2,1
Case 856,At. Madrid,R. Madrid,7,22,-15,18,2,10,19,23,6,0.25,0.0,2,3,2
Case 857,Valencia,Zaragoza,18,11,7,4,12,16,9,13,18,0.25,0.8,3,1,1
Case 858,Tenerife,Málaga,9,4,5,16,20,5,17,8,13,0.75,0.0,2,2,X
Case 859,Valladolid,Xerez,9,5,4,14,19,14,17,3,16,0.25,0.2,0,0,X
Case 860,Almería,Osasuna,9,12,-3,15,10,8,12,11,10,0.25,0.2,2,0,1
Case 861,Athletic,Barcelona,16,26,-10,8,1,11,13,28,7,0.6,0.4,1,1,X
Case 862,Deportivo,At. Madrid,19,7,12,5,18,14,11,12,22,0.6,0.6,2,1,1
Case 863,Villarreal,Valladolid,9,10,-1,16,14,14,14,14,17,0.4,0.0,3,1,1
Case 864,Málaga,Zaragoza,5,11,-6,20,13,10,15,14,21,0.2,0.0,1,1,X
Case 865,Xerez,Sporting,6,16,-10,19,7,3,16,12,10,0.2,0.0,0,0,X
Case 866,Mallorca,Almería,17,12,5,6,11,18,13,10,12,1.0,0.0,3,1,1
Case 867,Espanyol,Getafe,13,12,1,9,12,8,10,12,16,0.4,0.2,0,2,2
Case 868,R. Madrid,Racing,25,7,18,2,17,26,8,10,19,1.0,0.6,1,0,1
Case 869,Osasuna,Valencia,12,21,-9,10,4,11,12,19,10,0.4,0.2,1,3,2
Case 870,Tenerife,Sevilla,10,22,-12,15,3,7,19,19,7,0.6,0.0,1,2,2
Case 871,Sevilla,Málaga,25,6,19,3,20,21,8,11,16,0.8,0.6666667,2,2,X
Case 872,Zaragoza,Osasuna,12,12,0,14,12,15,22,12,15,0.6,0.0,0,1,2
Case 873,Sporting,Villarreal,17,12,5,7,11,12,10,17,15,0.6,0.16666667,1,0,1
Case 874,Getafe,Xerez,15,7,8,9,19,14,16,3,16,0.6,0.33333334,5,1,1
Case 875,Racing,Deportivo,7,22,-15,17,5,10,20,16,12,0.0,0.16666667,0,1,2
Case 876,Barcelona,R. Madrid,27,28,-1,2,1,29,8,27,8,1.0,0.5,1,0,1
Case 877,At. Madrid,Espanyol,7,13,-6,18,10,13,24,8,12,0.2,0.0,4,0,1
Case 878,Valladolid,Tenerife,10,10,0,15,16,15,20,8,21,0.2,0.16666667,3,3,X
Case 879,Valencia,Mallorca,24,20,4,4,6,22,11,21,14,0.4,0.8333333,1,1,X
Case 880,Almería,Athletic,12,17,-5,13,8,11,15,12,14,0.4,0.16666667,1,4,2
Case 881,Sevilla,Valladolid,26,11,15,3,15,23,10,18,23,0.6666667,0.6666667,1,1,X
Case 882,Athletic,Valencia,20,25,-5,8,4,16,15,23,12,0.5,0.5,1,2,2
Case 883,Deportivo,Barcelona,25,30,-5,5,1,17,12,30,8,0.6666667,0.6666667,1,3,2
Case 884,Villarreal,Getafe,12,18,-6,12,9,17,16,19,17,0.5,0.0,3,2,1
Case 885,Málaga,Osasuna,7,15,-8,18,10,13,18,13,15,0.16666667,0.0,1,1,X
Case 886,Xerez,At. Madrid,7,10,-3,20,17,4,21,17,24,0.16666667,0.0,0,2,2
Case 887,Mallorca,Zaragoza,21,12,9,6,14,22,15,15,23,1.0,0.0,4,1,1
Case 888,Espanyol,Racing,13,7,6,11,19,8,16,10,21,0.33333334,0.16666667,0,4,2
Case 889,R. Madrid,Almería,28,12,16,2,13,27,9,12,19,1.0,0.5,4,2,1
Case 890,Tenerife,Sporting,11,20,-9,16,7,11,24,13,10,0.5,0.0,2,1,1
Case 891,Zaragoza,Athletic,12,20,-8,17,8,16,27,17,17,0.5,0.0,1,2,2
Case 892,Sporting,Sevilla,20,27,-7,7,4,14,12,24,11,0.6666667,0.14285715,0,1,2
Case 893,Getafe,Tenerife,18,14,4,9,12,21,20,13,25,0.6666667,0.2857143,2,1,1
Case 894,Racing,Xerez,10,7,3,18,20,14,21,4,25,0.0,0.2857143,3,2,1
Case 895,Barcelona,Espanyol,36,13,23,1,14,35,9,8,20,1.0,0.625,1,0,1
Case 896,At. Madrid,Villarreal,13,15,-2,13,11,19,24,20,18,0.33333334,0.14285715,1,2,2
Case 897,Osasuna,Mallorca,16,24,-8,10,6,14,16,26,16,0.33333334,0.2857143,0,1,2
Case 898,Valladolid,Málaga,12,8,4,15,19,19,24,14,19,0.16666667,0.14285715,1,1,X
Case 899,Valencia,R. Madrid,28,31,-3,3,2,25,13,31,11,0.33333334,0.85714287,2,3,2
Case 900,Almería,Deportivo,12,25,-13,16,5,14,23,18,15,0.33333334,0.14285715,1,1,X
Case 901,Sevilla,Getafe,30,21,9,3,8,25,11,23,21,0.5714286,0.71428573,1,2,2
Case 902,Athletic,Osasuna,23,16,7,7,11,19,18,14,17,0.42857143,0.5714286,2,0,1
Case 903,Deportivo,Valencia,26,28,-2,6,4,19,16,27,16,0.5714286,0.5714286,0,0,X
Case 904,Villarreal,Racing,18,13,5,10,15,22,19,17,23,0.5714286,0.14285715,2,0,1
Case 905,Málaga,Mallorca,9,27,-18,19,5,15,20,27,16,0.14285715,0.0,2,1,1
Case 906,Xerez,Barcelona,7,39,-32,20,1,6,28,36,9,0.125,0.0,0,2,2
Case 907,Espanyol,Almería,13,13,0,17,16,8,21,15,24,0.2857143,0.14285715,2,0,1
Case 908,R. Madrid,Zaragoza,34,12,22,2,18,34,13,17,29,1.0,0.5714286,6,0,1
Case 909,Valladolid,Sporting,13,20,-7,13,9,20,25,14,13,0.14285715,0.14285715,2,1,1
Case 910,Tenerife,At. Madrid,14,13,1,12,14,14,27,20,26,0.5714286,0.0,1,1,X
Case 911,Zaragoza,Deportivo,12,27,-15,19,6,17,35,19,16,0.42857143,0.0,0,0,X
Case 912,Sporting,Málaga,20,12,8,10,18,15,15,17,21,0.5714286,0.125,2,2,X
Case 913,Getafe,Valladolid,24,16,8,8,11,25,22,22,26,0.71428573,0.375,1,0,1
Case 914,Racing,Tenerife,13,15,-2,16,14,17,25,15,28,0.14285715,0.25,2,0,1
Case 915,Barcelona,Villarreal,39,21,18,1,9,36,9,24,19,1.0,0.625,1,1,X
Case 916,Mallorca,Athletic,27,26,1,5,7,28,18,21,18,1.0,0.125,2,0,1
Case 917,At. Madrid,Sevilla,14,30,-16,15,3,21,27,26,13,0.2857143,0.125,2,1,1
Case 918,Osasuna,R. Madrid,16,37,-21,12,2,14,19,40,13,0.2857143,0.25,0,0,X
Case 919,Valencia,Espanyol,29,16,13,4,13,27,16,10,21,0.2857143,0.75,1,0,1
Case 920,Almería,Xerez,13,7,6,17,20,15,26,6,28,0.2857143,0.125,1,0,1
Case 921,Sevilla,Racing,30,16,14,5,14,27,15,19,25,0.5,0.625,1,2,2
Case 922,Deportivo,Osasuna,28,17,11,6,12,19,16,14,19,0.5,0.5,1,0,1
Case 923,Sporting,Getafe,21,27,-6,10,7,17,17,26,22,0.5,0.125,1,0,1
Case 924,Villarreal,Almería,22,16,6,9,15,25,20,16,26,0.625,0.125,1,1,X
Case 925,Málaga,Athletic,13,26,-13,18,8,19,23,21,20,0.25,0.0,1,1,X
Case 926,Xerez,Valencia,7,32,-25,20,3,6,29,28,16,0.125,0.0,1,3,2
Case 927,Espanyol,Zaragoza,16,13,3,16,19,10,22,17,35,0.375,0.125,2,1,1
Case 928,R. Madrid,Mallorca,38,30,8,2,4,40,13,30,18,1.0,0.5,2,0,1
Case 929,Valladolid,At. Madrid,16,17,-1,13,11,22,27,23,28,0.25,0.125,0,4,2
Case 930,Tenerife,Barcelona,15,40,-25,17,1,15,30,37,10,0.5,0.0,0,5,2
Case 931,Zaragoza,Xerez,13,7,6,19,20,18,37,7,32,0.375,0.0,0,0,X
Case 932,Athletic,R. Madrid,27,41,-14,8,2,22,21,42,13,0.5,0.44444445,1,0,1
Case 933,Málaga,Getafe,14,27,-13,18,7,20,24,26,23,0.22222222,0.0,1,0,1
Case 934,Racing,Valladolid,19,16,3,12,16,21,26,22,31,0.25,0.33333334,1,1,X
Case 935,Barcelona,Sevilla,43,30,13,1,5,42,10,28,17,0.875,0.6666667,4,0,1
Case 936,Mallorca,Deportivo,30,31,-1,6,4,30,20,20,16,1.0,0.11111111,2,0,1
Case 937,At. Madrid,Sporting,20,24,-4,11,9,27,28,18,17,0.375,0.22222222,3,2,1
Case 938,Osasuna,Espanyol,17,19,-2,14,13,14,20,12,23,0.25,0.22222222,2,0,1
Case 939,Valencia,Villarreal,35,23,12,3,10,31,17,26,21,0.375,0.7777778,4,1,1
Case 940,Almería,Tenerife,17,15,2,15,17,17,27,15,35,0.375,0.11111111,1,1,X
Case 941,Sevilla,Almería,30,18,12,6,15,28,21,18,28,0.44444445,0.5555556,1,0,1
Case 942,Deportivo,Athletic,31,30,1,5,7,20,18,23,21,0.5555556,0.44444445,3,1,1
Case 943,Sporting,Racing,24,20,4,9,13,20,20,22,27,0.5555556,0.11111111,0,1,2
Case 944,Villarreal,Zaragoza,23,14,9,10,19,27,25,18,37,0.5555556,0.11111111,4,2,1
Case 945,Getafe,At. Madrid,27,23,4,8,11,26,24,30,30,0.75,0.3,1,0,1
Case 946,Xerez,Osasuna,8,20,-12,20,12,7,32,16,20,0.11111111,0.0,1,2,2
Case 947,Espanyol,Mallorca,19,33,-14,14,4,12,25,32,20,0.44444445,0.11111111,1,1,X
Case 948,R. Madrid,Málaga,41,17,24,2,16,42,14,21,24,1.0,0.44444445,2,0,1
Case 949,Valladolid,Barcelona,17,46,-29,17,1,23,32,46,10,0.22222222,0.11111111,0,3,2
Case 950,Tenerife,Valencia,16,38,-22,18,3,16,36,35,18,0.44444445,0.0,0,0,X
Case 951,Sevilla,Valencia,33,39,-6,6,3,29,21,35,18,0.5,0.5555556,2,1,1
Case 952,Deportivo,R. Madrid,34,44,-10,5,2,23,19,44,14,0.6,0.44444445,1,3,2
Case 953,Sporting,Barcelona,24,49,-25,10,1,20,21,49,10,0.5,0.11111111,0,1,2
Case 954,Villarreal,Osasuna,26,23,3,9,12,31,27,18,21,0.6,0.11111111,0,2,2
Case 955,Xerez,Mallorca,8,34,-26,20,4,8,34,33,21,0.1,0.0,2,1,1
Case 956,Getafe,Racing,30,23,7,7,13,27,24,23,27,0.7777778,0.3,0,0,X
Case 957,At. Madrid,Málaga,23,17,6,11,16,30,31,21,26,0.44444445,0.2,0,2,2
Case 958,Espanyol,Athletic,20,30,-10,14,8,13,26,24,24,0.4,0.11111111,1,0,1
Case 959,Valladolid,Almería,17,18,-1,17,15,23,35,18,29,0.2,0.11111111,1,1,X
Case 960,Tenerife,Zaragoza,17,14,3,18,19,16,36,20,41,0.4,0.0,1,3,2
Case 961,Athletic,Xerez,30,11,19,8,20,24,25,10,35,0.5555556,0.36363637,3,2,1
Case 962,Zaragoza,Sevilla,17,36,-19,18,4,23,42,31,22,0.33333334,0.09090909,2,1,1
Case 963,Málaga,Deportivo,20,34,-14,15,6,23,26,24,22,0.3,0.1,0,0,X
Case 964,Racing,At. Madrid,24,23,1,12,13,23,27,30,33,0.22222222,0.36363637,1,1,X
Case 965,Mallorca,Villarreal,34,26,8,5,10,34,23,31,29,1.0,0.09090909,1,0,1
Case 966,Barcelona,Getafe,52,31,21,1,7,50,10,27,24,0.8888889,0.72727275,2,1,1
Case 967,R. Madrid,Espanyol,47,23,24,2,14,47,15,14,26,1.0,0.5,3,0,1
Case 968,Osasuna,Tenerife,26,17,9,9,19,20,21,17,39,0.33333334,0.36363637,1,0,1
Case 969,Valencia,Valladolid,39,18,21,3,17,36,20,24,36,0.44444445,0.6363636,2,0,1
Case 970,Almería,Sporting,19,24,-5,16,11,19,30,20,22,0.33333334,0.09090909,3,1,1
Case 971,Sevilla,Osasuna,36,29,7,5,9,32,24,21,21,0.54545456,0.5,1,0,1
Case 972,Sporting,Valencia,24,42,-18,13,3,21,25,38,20,0.45454547,0.1,1,1,X
Case 973,Villarreal,Athletic,26,33,-7,10,7,31,30,27,27,0.54545456,0.1,2,1,1
Case 974,Xerez,R. Madrid,11,50,-39,20,2,12,38,50,15,0.18181819,0.0,0,3,2
Case 975,Getafe,Almería,31,22,9,8,15,28,26,22,31,0.7,0.27272728,2,2,X
Case 976,Racing,Málaga,25,21,4,11,16,24,28,23,26,0.2,0.36363637,0,3,2
Case 977,Espanyol,Deportivo,23,35,-12,14,6,14,29,24,22,0.45454547,0.1,2,0,1
Case 978,At. Madrid,Barcelona,24,55,-31,12,1,31,34,52,11,0.4,0.18181819,2,1,1
Case 979,Tenerife,Mallorca,17,37,-20,19,4,17,40,35,23,0.36363637,0.0,1,0,1
Case 980,Valladolid,Zaragoza,18,20,-2,18,17,24,38,25,43,0.18181819,0.1,1,1,X
Case 981,Athletic,Tenerife,33,20,13,7,18,28,29,18,40,0.6,0.33333334,4,1,1
Case 982,Zaragoza,Sporting,21,25,-4,17,13,26,44,22,26,0.4,0.083333336,1,3,2
Case 983,Deportivo,Xerez,35,11,24,6,20,24,24,12,41,0.54545456,0.36363637,2,1,1
Case 984,Málaga,Espanyol,24,26,-2,15,12,26,26,16,29,0.27272728,0.18181819,2,1,1
Case 985,Mallorca,Sevilla,37,39,-2,5,4,35,24,33,24,1.0,0.083333336,1,3,2
Case 986,Barcelona,Racing,55,25,30,1,14,53,13,24,31,0.9,0.6666667,4,0,1
Case 987,R. Madrid,Villarreal,53,29,24,2,10,53,15,33,31,1.0,0.54545456,6,2,1
Case 988,Osasuna,Valladolid,29,19,10,9,19,21,22,25,39,0.4,0.33333334,1,1,X
Case 989,Valencia,Getafe,43,32,11,3,8,39,21,30,28,0.5,0.5833333,2,1,1
Case 990,Almería,At. Madrid,23,27,-4,16,11,24,33,33,35,0.4,0.083333336,1,0,1
Case 991,Sevilla,Athletic,42,36,6,4,7,36,25,32,30,0.5833333,0.54545456,0,0,X
Case 992,Sporting,Osasuna,28,30,-2,11,9,25,27,22,23,0.41666666,0.18181819,3,2,1
Case 993,Villarreal,Deportivo,29,38,-9,10,5,35,37,26,25,0.5833333,0.09090909,1,0,1
Case 994,Xerez,Espanyol,11,26,-15,20,15,13,43,17,31,0.16666667,0.0,1,1,X
Case 995,Getafe,Zaragoza,32,21,11,8,17,31,30,27,47,0.6363636,0.25,0,2,2
Case 996,Racing,Almería,25,26,-1,16,14,24,35,25,33,0.18181819,0.33333334,0,2,2
Case 997,Barcelona,Málaga,58,27,31,1,12,57,13,28,27,0.90909094,0.6666667,2,1,1
Case 998,At. Madrid,Valencia,27,46,-19,13,3,33,36,41,22,0.45454547,0.16666667,4,1,1
Case 999,Tenerife,R. Madrid,20,56,-36,19,2,19,44,59,17,0.41666666,0.0,1,5,2
Case 1000,Valladolid,Mallorca,20,37,-17,18,6,26,40,36,27,0.16666667,0.09090909,1,2,2
Case 1001,Athletic,Valladolid,37,20,17,7,18,32,30,27,42,0.6363636,0.30769232,2,0,1
Case 1002,Zaragoza,At. Madrid,24,30,-6,17,11,29,47,37,37,0.36363637,0.15384616,1,1,X
Case 1003,Deportivo,Tenerife,38,20,18,6,19,26,26,20,49,0.5833333,0.33333334,3,1,1
Case 1004,Málaga,Xerez,27,12,15,14,20,29,29,14,44,0.33333334,0.16666667,2,4,2
Case 1005,Mallorca,Sporting,40,31,9,5,10,38,28,28,29,0.90909094,0.15384616,3,0,1
Case 1006,Espanyol,Villarreal,27,32,-5,15,8,18,32,36,37,0.5,0.083333336,0,0,X
Case 1007,R. Madrid,Sevilla,59,43,16,2,4,64,18,36,25,1.0,0.5833333,3,2,1
Case 1008,Osasuna,Getafe,30,32,-2,12,9,24,26,31,32,0.36363637,0.30769232,0,0,X
Case 1009,Valencia,Racing,46,25,21,3,16,42,26,24,37,0.54545456,0.53846157,0,0,X
Case 1010,Almería,Barcelona,29,61,-32,13,1,27,33,59,14,0.45454547,0.15384616,2,2,X
Case 1011,Sevilla,Deportivo,43,41,2,4,6,38,28,29,27,0.53846157,0.5,1,1,X
Case 1012,Sporting,Athletic,31,40,-9,12,7,28,32,34,30,0.46153846,0.16666667,0,0,X
Case 1013,Villarreal,Xerez,33,15,18,8,20,36,37,18,46,0.61538464,0.083333336,2,0,1
Case 1014,Getafe,Mallorca,33,43,-10,9,5,31,32,41,28,0.5833333,0.23076923,3,0,1
Case 1015,Racing,Zaragoza,26,25,1,16,17,24,37,30,48,0.16666667,0.30769232,0,0,X
Case 1016,Barcelona,Valencia,62,47,15,2,3,61,16,42,26,0.9166667,0.61538464,3,0,1
Case 1017,At. Madrid,Osasuna,31,31,0,10,11,38,38,24,26,0.5,0.15384616,1,0,1
Case 1018,Tenerife,Espanyol,20,28,-8,19,14,21,52,18,32,0.3846154,0.0,4,1,1
Case 1019,Valladolid,R. Madrid,20,62,-42,18,1,27,44,67,20,0.15384616,0.083333336,1,4,2
Case 1020,Almería,Málaga,30,27,3,13,15,29,35,31,33,0.41666666,0.15384616,1,0,1
Case 1021,Athletic,Getafe,41,36,5,7,8,34,30,34,32,0.6666667,0.2857143,2,2,X
Case 1022,Zaragoza,Barcelona,26,65,-39,17,2,30,48,64,16,0.33333334,0.14285715,2,4,2
Case 1023,Deportivo,Valladolid,42,20,22,6,19,30,28,28,48,0.61538464,0.30769232,0,2,2
Case 1024,Málaga,Villarreal,27,36,-9,15,9,31,34,38,37,0.30769232,0.15384616,2,0,1
Case 1025,Xerez,Tenerife,15,23,-8,20,18,18,48,25,53,0.15384616,0.07692308,2,1,1
Case 1026,Mallorca,At. Madrid,43,34,9,5,10,41,31,39,38,0.9166667,0.14285715,4,1,1
Case 1027,Espanyol,Sevilla,28,44,-16,14,4,19,36,39,29,0.46153846,0.07692308,2,0,1
Case 1028,R. Madrid,Sporting,65,32,33,1,12,71,21,28,32,1.0,0.61538464,3,1,1
Case 1029,Osasuna,Racing,31,27,4,13,16,24,27,24,37,0.33333334,0.2857143,1,3,2
Case 1030,Valencia,Almería,47,33,14,3,11,42,29,30,35,0.5,0.5,2,0,1
Case 1031,Sevilla,Xerez,44,18,26,5,20,39,31,20,49,0.5,0.46153846,1,1,X
Case 1032,Sporting,Deportivo,32,42,-10,12,7,29,35,30,30,0.42857143,0.15384616,2,1,1
Case 1033,Getafe,R. Madrid,37,68,-31,8,1,36,34,74,22,0.61538464,0.21428572,2,4,2
Case 1034,Racing,Mallorca,30,46,-16,16,4,27,38,45,32,0.15384616,0.35714287,0,0,X
Case 1035,Barcelona,Osasuna,68,31,37,2,13,68,18,25,30,0.9230769,0.64285713,2,0,1
Case 1036,At. Madrid,Athletic,34,42,-8,10,6,40,42,36,32,0.53846157,0.14285715,2,0,1
Case 1037,Valencia,Málaga,50,30,20,3,15,44,29,33,34,0.53846157,0.5,1,0,1
Case 1038,Tenerife,Villarreal,23,36,-13,19,9,26,55,38,39,0.42857143,0.0,2,2,X
Case 1039,Valladolid,Espanyol,23,31,-8,18,14,30,48,21,36,0.14285715,0.15384616,0,0,X
Case 1040,Almería,Zaragoza,33,26,7,11,17,30,37,32,52,0.46153846,0.14285715,1,0,1
Case 1041,Zaragoza,Valencia,26,53,-27,17,3,32,53,45,29,0.30769232,0.13333334,3,0,1
Case 1042,Athletic,Racing,42,31,11,6,14,36,34,27,38,0.61538464,0.26666668,4,3,1
Case 1043,Deportivo,Getafe,42,37,5,7,9,31,32,38,38,0.5714286,0.2857143,1,3,2
Case 1044,Málaga,Tenerife,30,24,6,16,19,33,35,28,57,0.35714287,0.14285715,1,1,X
Case 1045,Villarreal,Sevilla,37,45,-8,10,5,40,41,40,32,0.64285713,0.071428575,3,0,1
Case 1046,Xerez,Valladolid,19,24,-5,20,18,21,50,30,48,0.21428572,0.071428575,3,0,1
Case 1047,Mallorca,Barcelona,47,71,-24,4,2,45,32,70,18,0.9230769,0.13333334,0,1,2
Case 1048,Espanyol,Sporting,32,35,-3,13,12,21,36,31,36,0.5,0.071428575,0,0,X
Case 1049,R. Madrid,At. Madrid,71,37,34,1,8,78,24,42,42,1.0,0.64285713,3,2,1
Case 1050,Osasuna,Almería,31,36,-5,15,11,25,32,31,37,0.30769232,0.26666668,1,0,1
Case 1051,Sevilla,Tenerife,45,25,20,5,18,40,35,29,58,0.46666667,0.42857143,3,0,1
Case 1052,Zaragoza,Málaga,29,31,-2,17,15,35,53,34,36,0.35714287,0.13333334,2,0,1
Case 1053,Sporting,Xerez,36,22,14,12,20,31,36,24,50,0.46666667,0.14285715,2,2,X
Case 1054,Getafe,Espanyol,40,33,7,9,14,41,39,21,36,0.5714286,0.26666668,1,1,X
Case 1055,Racing,R. Madrid,31,74,-43,16,1,30,42,81,26,0.14285715,0.33333334,0,2,2
Case 1056,Barcelona,Athletic,74,45,29,2,6,71,18,40,37,0.9285714,0.6666667,4,1,1
Case 1057,At. Madrid,Deportivo,37,42,-5,10,7,44,45,32,35,0.5714286,0.13333334,3,0,1
Case 1058,Valladolid,Villarreal,24,40,-16,19,8,30,51,43,41,0.13333334,0.14285715,0,2,2
Case 1059,Valencia,Osasuna,53,34,19,3,13,45,32,26,32,0.5714286,0.46666667,3,0,1
Case 1060,Almería,Mallorca,36,47,-11,11,4,31,38,45,33,0.5,0.13333334,1,1,X
Case 1061,Athletic,Almería,45,37,8,6,11,41,41,32,39,0.64285713,0.25,4,1,1
Case 1062,Deportivo,Racing,42,31,11,8,17,32,38,30,44,0.53333336,0.26666668,1,1,X
Case 1063,Málaga,Sevilla,31,48,-17,16,4,34,38,43,35,0.33333334,0.13333334,1,2,2
Case 1064,Villarreal,Sporting,43,37,6,7,12,45,41,33,38,0.6666667,0.13333334,1,0,1
Case 1065,Xerez,Getafe,23,41,-18,20,9,26,52,42,40,0.26666668,0.06666667,0,1,2
Case 1066,Mallorca,Valencia,48,56,-8,5,3,46,34,48,32,0.85714287,0.125,3,2,1
Case 1067,Espanyol,At. Madrid,34,40,-6,14,10,22,37,47,45,0.46666667,0.06666667,3,0,1
Case 1068,R. Madrid,Barcelona,77,77,0,1,2,83,26,75,19,1.0,0.6666667,0,2,2
Case 1069,Osasuna,Zaragoza,34,32,2,13,15,26,35,37,53,0.35714287,0.25,2,0,1
Case 1070,Tenerife,Valladolid,25,24,1,18,19,29,61,30,53,0.4,0.0,0,0,X
Case 1071,Zaragoza,Mallorca,32,51,-19,16,5,37,55,49,36,0.4,0.125,1,1,X
Case 1072,Sporting,Tenerife,37,26,11,11,18,33,39,29,61,0.4375,0.13333334,0,2,2
Case 1073,Getafe,Villarreal,44,46,-2,8,7,43,40,46,41,0.53333336,0.3125,3,0,1
Case 1074,Racing,Espanyol,32,37,-5,15,14,31,45,25,37,0.13333334,0.3125,3,1,1
Case 1075,Barcelona,Deportivo,80,43,37,1,9,77,19,33,39,0.93333334,0.6875,3,0,1
Case 1076,At. Madrid,Xerez,40,23,17,10,20,47,48,26,53,0.6,0.125,1,2,2
Case 1077,Osasuna,Málaga,37,31,6,12,17,28,35,35,40,0.4,0.25,2,2,X
Case 1078,Valladolid,Sevilla,25,51,-26,19,4,30,53,45,36,0.125,0.13333334,2,1,1
Case 1079,Valencia,Athletic,56,48,8,3,6,50,35,45,42,0.6,0.4375,2,0,1
Case 1080,Almería,R. Madrid,37,77,-40,13,2,33,43,83,28,0.46666667,0.125,1,2,2
Case 1081,Sevilla,Sporting,51,37,14,5,12,46,38,33,41,0.5,0.4375,3,0,1
Case 1082,Athletic,Zaragoza,48,33,15,6,16,45,44,38,56,0.6666667,0.23529412,0,0,X
Case 1083,Deportivo,Almería,43,37,6,9,13,33,42,34,45,0.5,0.25,0,0,X
Case 1084,Málaga,Valladolid,32,28,4,17,19,37,42,32,54,0.3125,0.125,0,0,X
Case 1085,Villarreal,At. Madrid,46,40,6,8,10,46,44,48,50,0.6875,0.125,2,1,1
Case 1086,Xerez,Racing,26,35,-9,20,15,28,54,34,46,0.25,0.125,2,2,X
Case 1087,Mallorca,Osasuna,52,38,14,4,11,50,37,30,37,0.8666667,0.11764706,2,0,1
Case 1088,Espanyol,Barcelona,37,83,-46,14,1,26,40,80,19,0.5,0.0625,0,0,X
Case 1089,R. Madrid,Valencia,80,59,21,2,3,85,29,52,35,0.9375,0.6875,2,0,1
Case 1090,Tenerife,Getafe,29,47,-18,18,7,31,61,46,40,0.375,0.0625,3,2,1
Case 1091,Zaragoza,R. Madrid,34,83,-49,16,2,38,56,87,29,0.375,0.11764706,1,2,2
Case 1092,Sporting,Valladolid,37,29,8,14,19,33,44,32,54,0.4117647,0.125,0,2,2
Case 1093,Getafe,Sevilla,47,54,-7,8,5,48,43,49,38,0.5625,0.29411766,4,3,1
Case 1094,Racing,Villarreal,36,49,-13,15,6,36,48,48,45,0.1875,0.29411766,1,2,2
Case 1095,Barcelona,Xerez,84,27,57,1,20,80,19,30,56,0.9375,0.64705884,3,1,1
Case 1096,Mallorca,Málaga,55,33,22,4,17,52,37,37,42,0.875,0.11764706,1,1,X
Case 1097,At. Madrid,Tenerife,40,32,8,10,18,49,52,34,63,0.5625,0.11764706,3,1,1
Case 1098,Osasuna,Athletic,38,49,-11,11,7,30,39,45,44,0.375,0.23529412,0,0,X
Case 1099,Valencia,Deportivo,59,44,15,3,9,52,37,33,42,0.625,0.4117647,1,0,1
Case 1100,Almería,Espanyol,38,38,0,12,13,34,45,26,40,0.4375,0.11764706,0,1,2
Case 1101,Sevilla,At. Madrid,54,43,11,5,10,52,42,52,53,0.5294118,0.4117647,3,1,1
Case 1102,Athletic,Mallorca,50,56,-6,8,4,45,44,53,38,0.625,0.22222222,1,3,2
Case 1103,Deportivo,Zaragoza,44,34,10,9,16,33,43,39,58,0.47058824,0.23529412,0,1,2
Case 1104,Málaga,Sporting,34,37,-3,17,14,38,43,33,46,0.29411766,0.11764706,1,1,X
Case 1105,Villarreal,Barcelona,52,87,-35,6,1,50,46,83,20,0.7058824,0.1764706,1,4,2
Case 1106,Xerez,Almería,27,38,-11,20,13,31,59,34,46,0.23529412,0.11764706,2,1,1
Case 1107,Espanyol,Valencia,41,62,-21,11,3,27,40,53,37,0.47058824,0.11764706,0,2,2
Case 1108,R. Madrid,Osasuna,86,39,47,2,12,89,30,30,39,0.9411765,0.7058824,3,2,1
Case 1109,Valladolid,Getafe,32,50,-18,18,7,34,54,52,46,0.1764706,0.1764706,0,0,X
Case 1110,Tenerife,Racing,32,36,-4,19,15,35,66,37,50,0.4117647,0.05882353,2,1,1
Case 1111,Zaragoza,Espanyol,37,41,-4,15,11,40,58,27,42,0.3529412,0.16666667,1,0,1
Case 1112,Athletic,Málaga,50,35,15,8,17,46,47,39,44,0.5882353,0.22222222,1,1,X
Case 1113,Getafe,Sporting,51,38,13,7,14,52,46,34,47,0.5882353,0.2777778,1,1,X
Case 1114,Racing,Sevilla,36,57,-21,16,5,38,52,55,43,0.1764706,0.2777778,1,5,2
Case 1115,Barcelona,Tenerife,90,35,55,1,18,87,21,37,67,0.9411765,0.6666667,4,1,1
Case 1116,Mallorca,R. Madrid,59,89,-30,4,2,56,39,92,32,0.8235294,0.16666667,1,4,2
Case 1117,At. Madrid,Valladolid,43,33,10,10,19,53,56,34,54,0.5882353,0.11111111,3,1,1
Case 1118,Osasuna,Deportivo,39,44,-5,12,9,32,42,33,44,0.3529412,0.22222222,3,1,1
Case 1119,Valencia,Xerez,65,30,35,3,20,55,37,33,60,0.64705884,0.44444445,3,1,1
Case 1120,Almería,Villarreal,38,52,-14,13,6,35,48,51,50,0.4117647,0.11111111,4,2,1
Case 1121,Sevilla,Barcelona,60,93,-33,4,1,60,44,91,22,0.5555556,0.44444445,2,3,2
Case 1122,Deportivo,Mallorca,44,59,-15,10,5,34,47,57,43,0.44444445,0.22222222,1,0,1
Case 1123,Sporting,At. Madrid,39,46,-7,15,9,35,48,56,57,0.3888889,0.11111111,1,1,X
Case 1124,Villarreal,Valencia,52,68,-16,7,3,53,54,58,38,0.6666667,0.16666667,2,0,1
Case 1125,Getafe,Málaga,52,36,16,6,16,53,47,40,45,0.5555556,0.2777778,2,1,1
Case 1126,Xerez,Zaragoza,30,40,-10,20,14,34,63,41,58,0.2777778,0.11111111,3,2,1
Case 1127,Espanyol,Osasuna,41,42,-1,12,11,27,43,35,43,0.44444445,0.11111111,2,1,1
Case 1128,R. Madrid,Athletic,92,51,41,2,8,96,33,47,48,0.9444444,0.7222222,5,1,1
Case 1129,Valladolid,Racing,33,36,-3,19,17,35,57,39,57,0.16666667,0.16666667,2,1,1
Case 1130,Tenerife,Almería,35,41,-6,18,13,38,71,39,50,0.44444445,0.055555556,2,2,X
Case 1131,Zaragoza,Villarreal,40,55,-15,15,7,43,61,55,54,0.3888889,0.15789473,3,3,X
Case 1132,Athletic,Deportivo,51,47,4,8,10,48,53,35,47,0.5555556,0.21052632,2,0,1
Case 1133,Málaga,R. Madrid,36,95,-59,18,2,41,47,101,34,0.2777778,0.10526316,1,1,X
Case 1134,Racing,Sporting,36,40,-4,17,14,40,59,36,49,0.16666667,0.2631579,2,0,1
Case 1135,Barcelona,Valladolid,96,36,60,1,16,94,24,37,58,0.9444444,0.68421054,4,0,1
Case 1136,Mallorca,Espanyol,59,44,15,5,11,57,44,29,44,0.7777778,0.15789473,2,0,1
Case 1137,At. Madrid,Getafe,47,55,-8,9,6,57,58,55,48,0.6111111,0.10526316,0,3,2
Case 1138,Osasuna,Xerez,42,33,9,13,20,36,45,37,65,0.3888889,0.21052632,1,1,X
Case 1139,Valencia,Tenerife,68,36,32,3,19,58,40,40,73,0.6666667,0.42105263,1,0,1
Case 1140,Almería,Sevilla,42,60,-18,12,4,41,52,62,47,0.44444445,0.10526316,2,3,2
Case 1141,Hércules,Athletic,0,0,0,14,7,0,0,0,0,0.0,0.0,0,1,2
Case 1142,Deportivo,Zaragoza,0,0,0,13,9,0,0,0,0,0.0,0.0,0,0,X
Case 1143,R. Sociedad,Villarreal,0,0,0,6,15,0,0,0,0,0.0,0.0,1,0,1
Case 1144,Málaga,Valencia,0,0,0,17,4,0,0,0,0,0.0,0.0,1,3,2
Case 1145,Racing,Barcelona,0,0,0,19,3,0,0,0,0,0.0,0.0,0,3,2
Case 1146,Mallorca,R. Madrid,0,0,0,11,8,0,0,0,0,0.0,0.0,0,0,X
Case 1147,Levante,Sevilla,0,0,0,18,2,0,0,0,0,0.0,0.0,1,4,2
Case 1148,Espanyol,Getafe,0,0,0,5,16,0,0,0,0,0.0,0.0,3,1,1
Case 1149,At. Madrid,Sporting,0,0,0,1,20,0,0,0,0,0.0,0.0,4,0,1
Case 1150,Osasuna,Almería,0,0,0,12,10,0,0,0,0,0.0,0.0,0,0,X
Case 1151,Sevilla,Deportivo,3,1,2,2,13,4,1,0,0,0.0,1.0,0,0,X
Case 1152,Athletic,At. Madrid,3,3,0,7,1,1,0,4,0,0.0,1.0,1,2,2
Case 1153,Zaragoza,Málaga,1,0,1,9,17,0,0,1,3,0.0,0.0,3,5,2
Case 1154,Sporting,Mallorca,0,1,-1,20,11,0,4,0,0,0.0,0.0,2,0,1
Case 1155,Villarreal,Espanyol,0,3,-3,15,5,0,1,3,1,0.0,0.0,4,0,1
Case 1156,Getafe,Levante,0,0,0,16,18,1,3,1,4,0.0,0.0,4,1,1
Case 1157,Barcelona,Hércules,3,0,3,3,14,3,0,0,1,0.0,1.0,0,2,2
Case 1158,R. Madrid,Osasuna,1,1,0,8,12,0,0,0,0,0.0,0.0,1,0,1
Case 1159,Valencia,Racing,3,0,3,4,19,3,1,0,3,0.0,1.0,1,0,1
Case 1160,Almería,R. Sociedad,1,3,-2,10,6,0,0,1,0,0.0,0.0,2,2,X
Case 1161,Hércules,Valencia,3,6,-3,9,2,2,1,4,1,0.0,1.0,1,2,2
Case 1162,Deportivo,Getafe,2,3,-1,15,7,0,0,5,4,0.0,0.0,2,2,X
Case 1163,R. Sociedad,R. Madrid,4,4,0,4,5,3,2,1,0,1.0,0.0,1,2,2
Case 1164,Sporting,Athletic,3,3,0,13,11,2,4,2,2,1.0,0.0,2,2,X
Case 1165,Málaga,Sevilla,3,4,-1,10,3,6,6,4,1,0.0,1.0,1,2,2
Case 1166,Racing,Zaragoza,0,1,-1,19,17,0,4,3,5,0.0,0.0,2,0,1
Case 1167,Mallorca,Osasuna,1,1,0,18,16,0,2,0,1,0.0,0.0,2,0,1
Case 1168,At. Madrid,Barcelona,6,3,3,1,8,6,1,3,2,1.0,1.0,1,2,2
Case 1169,Levante,Villarreal,0,3,-3,20,6,2,8,4,1,0.0,0.0,1,2,2
Case 1170,Espanyol,Almería,3,2,1,12,14,3,5,2,2,1.0,0.0,1,0,1
Case 1171,Sevilla,Racing,7,3,4,2,16,6,2,2,4,0.0,1.0,1,1,X
Case 1172,Athletic,Mallorca,4,4,0,9,11,4,4,2,2,0.0,0.5,3,0,1
Case 1173,Zaragoza,Hércules,1,3,-2,19,13,3,7,3,3,0.0,0.0,0,0,X
Case 1174,Villarreal,Deportivo,6,3,3,5,14,6,2,2,2,1.0,0.5,1,0,1
Case 1175,Getafe,Málaga,4,3,1,8,15,7,6,7,8,1.0,0.0,0,2,2
Case 1176,Barcelona,Sporting,6,4,2,6,12,5,3,4,6,0.0,1.0,1,0,1
Case 1177,R. Madrid,Espanyol,7,6,1,3,7,3,1,4,5,1.0,0.5,3,0,1
Case 1178,Osasuna,R. Sociedad,1,4,-3,18,10,0,3,4,4,0.0,0.0,3,1,1
Case 1179,Valencia,At. Madrid,9,6,3,1,4,6,2,7,3,1.0,1.0,1,1,X
Case 1180,Almería,Levante,2,0,2,17,20,2,3,3,10,0.0,0.0,0,1,2
Case 1181,Hércules,Sevilla,4,8,-4,10,5,3,3,7,3,0.0,0.5,2,0,1
Case 1182,Athletic,Barcelona,7,9,-2,7,4,7,4,6,3,0.5,0.5,1,3,2
Case 1183,Deportivo,Almería,3,2,1,17,19,2,3,2,4,0.0,0.0,0,2,2
Case 1184,Sporting,Valencia,4,10,-6,15,2,4,7,7,3,0.5,0.0,0,2,2
Case 1185,Málaga,Villarreal,6,9,-3,8,3,9,8,7,2,0.0,1.0,2,3,2
Case 1186,Racing,Getafe,4,4,0,14,11,3,5,7,8,0.5,0.0,0,1,2
Case 1187,Mallorca,R. Sociedad,4,4,0,16,13,2,5,5,7,0.5,0.0,2,0,1
Case 1188,At. Madrid,Zaragoza,7,2,5,6,20,8,4,3,7,0.5,0.5,1,0,1
Case 1189,Levante,R. Madrid,3,10,-7,18,1,4,10,6,1,0.0,0.5,0,0,X
Case 1190,Espanyol,Osasuna,6,4,2,9,12,4,8,3,4,1.0,0.0,1,0,1
Case 1191,Sevilla,At. Madrid,8,10,-2,7,5,7,5,9,4,0.0,0.6666667,3,1,1
Case 1192,Zaragoza,Sporting,2,4,-2,20,17,3,8,4,9,0.0,0.0,2,2,X
Case 1193,R. Sociedad,Espanyol,4,9,-5,16,6,5,9,5,8,0.5,0.0,1,0,1
Case 1194,Villarreal,Racing,12,4,8,2,15,10,4,3,6,1.0,0.6666667,2,0,1
Case 1195,Getafe,Hércules,7,7,0,10,8,8,8,5,3,0.5,0.33333334,3,0,1
Case 1196,Barcelona,Mallorca,12,7,5,3,11,9,4,4,5,0.5,1.0,1,1,X
Case 1197,R. Madrid,Deportivo,11,3,8,4,19,6,1,2,5,1.0,0.33333334,6,1,1
Case 1198,Osasuna,Levante,4,4,0,14,18,3,5,4,10,0.5,0.0,1,1,X
Case 1199,Valencia,Athletic,13,7,6,1,9,9,3,8,7,0.5,1.0,2,1,1
Case 1200,Almería,Málaga,5,6,-1,13,12,4,4,11,11,0.0,0.33333334,1,1,X
Case 1201,Hércules,Villarreal,7,15,-8,12,2,5,6,12,4,0.33333334,0.33333334,2,2,X
Case 1202,Athletic,Zaragoza,7,3,4,11,19,9,9,5,10,0.33333334,0.33333334,2,1,1
Case 1203,Deportivo,Osasuna,3,5,-2,20,15,3,11,4,6,0.0,0.0,0,0,X
Case 1204,Sporting,Sevilla,5,11,-6,16,5,6,11,10,6,0.33333334,0.0,2,0,1
Case 1205,Málaga,R. Madrid,7,14,-7,10,3,12,12,12,2,0.0,0.6666667,1,4,2
Case 1206,Racing,Almería,4,6,-2,18,14,3,8,5,5,0.33333334,0.0,1,0,1
Case 1207,Barcelona,Valencia,13,16,-3,4,1,10,5,11,4,0.33333334,1.0,2,1,1
Case 1208,Mallorca,Espanyol,8,9,-1,9,8,5,6,5,9,0.6666667,0.0,0,1,2
Case 1209,At. Madrid,Getafe,10,10,0,7,6,10,7,11,8,0.6666667,0.33333334,2,0,1
Case 1210,Levante,R. Sociedad,5,7,-2,17,13,5,11,6,9,0.0,0.33333334,2,1,1
Case 1211,Sevilla,Athletic,11,10,1,7,8,10,8,11,10,0.33333334,0.5,4,3,1
Case 1212,Zaragoza,Barcelona,3,16,-13,20,4,6,12,12,6,0.0,0.0,0,2,2
Case 1213,R. Sociedad,Deportivo,7,4,3,15,19,7,11,3,11,0.6666667,0.0,3,0,1
Case 1214,Villarreal,At. Madrid,16,13,3,2,5,14,6,12,7,1.0,0.5,2,0,1
Case 1215,Getafe,Sporting,10,8,2,9,12,11,10,8,11,0.6666667,0.25,3,0,1
Case 1216,R. Madrid,Racing,17,7,10,1,16,16,3,4,8,1.0,0.5,6,1,1
Case 1217,Espanyol,Levante,12,8,4,6,13,6,9,7,12,1.0,0.25,2,1,1
Case 1218,Osasuna,Málaga,6,7,-1,18,14,4,6,13,16,0.33333334,0.0,3,0,1
Case 1219,Valencia,Mallorca,16,8,8,3,11,12,6,5,7,0.6666667,0.75,1,2,2
Case 1220,Almería,Hércules,6,8,-2,17,10,5,6,7,8,0.0,0.25,1,1,X
Case 1221,Hércules,R. Madrid,9,20,-11,13,1,8,9,22,4,0.25,0.25,1,3,2
Case 1222,Athletic,Getafe,10,13,-3,10,7,14,14,14,10,0.5,0.25,3,0,1
Case 1223,Deportivo,Espanyol,4,15,-11,19,5,3,14,8,10,0.0,0.0,3,0,1
Case 1224,Sporting,Villarreal,8,19,-11,14,2,8,14,16,6,0.5,0.0,1,1,X
Case 1225,Málaga,R. Sociedad,7,10,-3,17,11,13,19,10,11,0.0,0.5,1,2,2
Case 1226,Racing,Osasuna,7,9,-2,18,12,5,14,7,6,0.5,0.0,4,1,1
Case 1227,Barcelona,Sevilla,19,14,5,3,6,14,6,14,11,0.5,1.0,5,0,1
Case 1228,Mallorca,Levante,11,8,3,9,15,7,8,8,14,0.5,0.25,2,1,1
Case 1229,At. Madrid,Almería,13,7,6,8,16,12,9,6,7,0.75,0.25,1,1,X
Case 1230,Valencia,Zaragoza,16,3,13,4,20,13,8,6,14,0.5,0.75,1,1,X
Case 1231,Sevilla,Valencia,14,17,-3,8,4,14,16,14,9,0.5,0.4,2,0,1
Case 1232,Zaragoza,Mallorca,4,14,-10,20,7,7,15,9,9,0.0,0.0,3,2,1
Case 1233,R. Sociedad,Racing,13,10,3,11,12,12,12,9,15,0.75,0.2,1,0,1
Case 1234,Villarreal,Athletic,20,13,7,3,9,17,7,17,14,1.0,0.4,4,1,1
Case 1235,Getafe,Barcelona,13,22,-9,10,2,14,13,19,6,0.75,0.2,1,3,2
Case 1236,R. Madrid,At. Madrid,23,14,9,1,6,25,5,13,10,1.0,0.6,2,0,1
Case 1237,Espanyol,Málaga,15,7,8,5,18,8,13,14,21,1.0,0.2,1,0,1
Case 1238,Levante,Deportivo,8,7,1,17,19,9,16,6,14,0.25,0.2,1,2,2
Case 1239,Osasuna,Hércules,9,9,0,13,14,8,10,9,12,0.5,0.0,3,0,1
Case 1240,Almería,Sporting,8,9,-1,16,15,7,8,9,15,0.0,0.2,1,1,X
